209
Protlace                                                                                                                                               0.0000000 2.3507457 4.7747555 2.2460813 2.0950267 0.8911185 0.8997272 0.8912281 1.1985907 1.5847901 0.9836375 0.8976310 1.0703211 1.0236700 0.7522569 1.0494893 0.9944138 0.8677394 0.8625939 0.9524085 0.7781269 0.6725950 0.7738150 0.6295264 0.7418868 0.6519156 0.7043468 1.1547881 0.9868549 0.7909741 0.9328108 1.2454629 1.2703308 1.2672971 1.0210615 1.2207587 0.9596150 0.8434251 0.7260390 0.8274424 1.2961308 0.8629204 0.9163197 0.8437726 0.8680601 0.8680601 0.8680601 0.6731077 0.7043625 0.9448176 0.9088591 0.5840161 0.6558537 0.9997684 0.7041803 0.5922836 0.5395834 0.6653185 0.7913015 1.8361583 0.7820169 0.7181900 1.1042356 0.7480151 0.9541076 0.6041518 0.8515141 0.9115056 1.6869326 0.8933980 1.0914461 0.6931470 0.8764813 1.0433026 0.8944324 1.0756853 0.8749556 0.8033487 0.9504650 0.7243008 1.0873359 1.9919671 0.7376758 0.6834058 0.6283038 0.8363522 0.6311524 0.6690861 0.6580518 0.6668806 0.6668806 0.9437142 0.8962886 0.8308778 0.8636990 0.8434985 0.8397130 0.9598177 1.0607557 1.0607557 0.9528975 0.9383297 0.7078960 1.0061718 0.7804639 0.7634323 1.2482350 1.1751862 1.1635369 0.8097487 0.8629204 0.8629204 0.7482312 0.9579279 1.3904267 0.5805828 0.8311939 0.6887414 0.7181956 0.8214562 3.5272122 0.7459049 0.5650854 0.5650854 0.6309377 0.9498864 0.9292770 0.9085110 1.0365758 0.9558745 0.8810725 0.9954608 0.9018019 0.7943451 0.7943451 0.7792196 0.7792196 0.9757493 0.8838673 1.7214480 0.8752025 0.7703314 0.8864929 0.7094385 1.5168486 0.9872625 1.0876440 0.6931470 1.3450626 1.1082734 1.0373987 0.8491355 3.8161086 0.6607849 1.1054027 1.0292822 1.4538939 1.2123872 2.1896222 1.3257210 1.4416700 0.8770079 0.7934497 1.4419081 1.6061527 1.1962032 0.9525095 1.1615084 1.2237767 1.8215611 0.9706561 1.9884030 1.6457895 4.3424557 2.2469856 1.2544742 1.2055276 1.3802990 3.7128304 2.7529821 1.5484156 1.5733345 1.9150337 1.4589921 1.2991788 2.1579540 0.8189012 1.2510581 1.1209530 1.6261204 0.6755923 8.5030453 1.6363690 1.8517181 1.3374728 1.9954775 1.1952633 1.2800957 1.1681026 1.2928578 1.1008617 1.5919618 1.2423567 4.5410368 0.8380993 1.2266730 4.5716878 4.5716878 4.6582508 
Thectrah                                                                                                                                               2.3507457 0.0000000 3.5686970 2.8426941 2.6416315 1.5948416 1.9626635 1.6881544 1.5556867 2.3671810 1.7533914 1.8907559 1.6064211 1.6380262 1.7010273 1.7738145 2.0554897 1.9073827 1.9418911 1.9483081 1.7178486 1.8011653 1.7515304 1.6791949 1.8171952 1.6188979 1.5826283 2.1655197 1.7171498 2.0212132 1.8565932 1.7090254 1.7474968 2.2207547 1.9710083 1.8723919 2.9394359 3.3033930 1.9498077 2.1170051 2.3976718 1.9480267 2.0510150 1.7615079 1.7795239 1.6547146 1.6325502 1.9259705 2.0763612 1.7727994 2.1470448 2.0157956 1.7904654 1.7451234 1.7814279 1.7303026 2.2000369 1.6989173 1.8723330 2.2698375 1.8462310 1.7478597 1.6946844 1.9294324 1.9474107 1.5963908 1.7484952 2.0027952 3.1148868 2.1362477 2.6115514 1.6721462 1.8686197 1.6845671 1.9262308 1.6749794 1.6327023 1.8592504 1.6299135 1.7946455 2.0694033 3.3853271 1.7795198 1.9587730 1.7197730 1.7635689 2.0849621 1.6389330 1.7097033 1.7410555 1.8294336 1.9313032 2.0321402 1.8868100 2.0185166 1.8842981 1.7422935 1.7041432 2.1616208 2.2064167 2.0408975 1.9510363 1.7334231 1.9594083 1.9817260 1.9110342 2.2943247 2.3388036 2.3809335 2.1108044 1.9962754 1.9834765 1.9050933 2.1402576 2.0695493 1.7205745 1.6742646 1.6476588 1.6756889 2.1083588 3.2382943 1.7126278 1.6410785 1.6311693 1.9459556 1.6711425 1.6630022 1.6254606 1.8112308 1.3570620 1.8422162 1.7776909 1.9784545 1.8469186 1.7975389 1.8410636 1.8186711 1.8609907 1.7841341 1.9975003 1.6090439 2.0173474 1.8699226 1.7729931 2.4807060 1.7897390 2.3148311 1.5401713 2.3054100 2.1471551 2.0778927 1.6929955 3.1777622 1.8869984 2.0357081 2.1328731 1.9653112 1.9521522 2.1174037 1.9240974 1.9699607 1.7132546 2.9389442 1.7977459 1.7218334 2.3356206 2.1531961 1.6442085 1.8587523 1.9462570 1.7753607 1.7901058 1.9149222 2.8818559 2.6679261 2.0235733 1.8494800 1.8741050 1.9120966 1.9232113 2.1778648 2.2233571 1.7952290 2.2631547 2.2862170 2.1998134 2.1616983 1.6419711 1.9159753 2.0211131 2.1586287 4.2572280 2.3652921 2.3399297 2.0969263 2.1519852 2.1977751 2.0611866 1.9835774 2.0149358 1.8460651 2.0388117 1.9216748 1.8543791 1.7949263 2.0710868 3.4443169 3.4443169 3.0382892 
Batrdend                                                                                                                                               4.7747555 3.5686970 0.0000000 4.4258011 4.4508169 3.2385957 4.7326681 3.3309760 2.9794371 4.2406314 3.3898721 3.7959394 4.1483892 3.7849312 3.7487068 2.9693078 3.6465898 3.9329795 3.9914161 3.7961022 2.9871572 3.6295294 3.1969333 2.8895786 3.4422680 2.8851680 3.3367978 4.1848959 3.6415398 2.9521326 3.9406534 3.2777014 3.5861722 3.6228151 3.6792559 3.2924325 4.5587707 4.9999481 3.8749092 3.3685446 3.4090408 3.8930536 3.3794434 3.4429753 3.7219056 3.5439854 3.4479343 3.4036964 3.4696978 3.5829900 3.3157827 3.3307833 3.4219486 3.4361055 3.4277675 3.6894802 4.6973832 2.8719100 4.0440612 4.5681388 3.3940574 3.3550923 3.8169357 3.1653136 3.4676347 2.9764357 3.3692600 3.4064719 5.2449856 3.9702636 4.1733109 3.6481210 3.6381694 4.1197382 3.1004587 3.3032541 3.2632934 3.0826694 3.3628809 3.5525295 3.5445521 6.3925322 3.4687139 3.9034920 2.9781929 3.4087196 3.1744235 2.7874541 3.0427021 3.1705843 3.2476281 2.9779896 3.1842871 3.1112318 3.0618729 2.9240429 3.2315785 3.4908414 2.9539057 2.9271374 3.0057161 3.2412668 3.0243338 3.6106342 3.4326896 3.6620476 3.6422003 3.9389933 3.6420387 3.9741875 3.9533792 3.9419814 3.6155874 3.8922884 4.1205802 3.5724314 3.5325562 2.9944056 3.1413433 3.5606987 4.9591467 3.1398076 2.8848564 2.9965587 3.6478991 3.5810619 3.3717184 3.1944283 3.3035859 3.8458808 4.4790009 4.1500509 5.8305069 3.2145471 3.7330875 3.2929513 3.0276064 3.0519779 4.2910904 4.8928388 4.1932851 3.9642635 4.2354513 2.9694842 3.6198198 3.0855140 4.5900485 3.5485316 3.8252533 4.2026768 3.8281033 3.8180931 5.6575238 3.7911706 3.7165372 3.6161192 3.7183249 3.9290537 3.3764079 4.1770693 4.2281763 3.3118863 6.4065024 4.0484178 4.0161022 3.4630327 4.1038304 3.6463242 4.1906592 3.2831245 3.7693979 3.7154753 3.9512159 5.9069466 3.5031036 4.1352765 3.6041939 4.4276669 3.7568824 5.1601923 4.4663040 4.4861199 3.9515052 4.4717320 3.7616904 3.8480911 4.3615119 4.0592779 4.0993058 3.6326327 3.2587086 6.1546390 3.6323668 4.4938893 3.5523807 4.6159371 3.9988735 3.5583138 2.9015191 4.3948694 3.3967895 4.1800126 4.1603012 2.6288411 3.2966867 3.3454832 5.2517218 5.2517218 5.1724669 
Prascaps                                                                                                                                               2.2460813 2.8426941 4.4258011 0.0000000 2.5951631 1.9655569 1.8032656 2.0473731 1.9938350 2.5562833 1.8276082 1.9100169 1.9639322 1.9339793 1.8004836 1.9852335 2.3522358 2.1893244 2.2142935 2.3868470 1.8146461 2.0722246 1.8845330 1.8659536 1.9283123 1.7321056 1.7505262 2.2612079 1.8465575 2.0754889 1.8282537 1.9077689 2.1831395 2.4595347 2.3156053 1.9408557 3.8271810 2.8392729 1.9663451 1.9073733 1.9783304 1.8952890 1.9094838 1.6343663 1.9893254 1.8764185 1.8799450 1.8806507 2.0810894 2.0391295 1.9795731 2.1139341 1.8951506 1.8555420 1.6925194 1.8654858 2.1496085 1.6178811 2.0234291 2.0526909 1.7385318 1.6641246 1.8199901 1.7234325 2.0665181 1.7334190 1.7747544 1.9551703 2.8721848 2.0102098 2.2034584 1.8548095 1.8377884 2.0955791 1.8544668 2.0770609 1.8980738 2.0070304 1.7785578 1.8076540 2.2441202 3.2662315 1.8077753 2.0719606 1.8149630 2.2931692 2.0441055 1.6679922 1.7571913 1.7467078 1.6631991 1.7525057 1.7271101 1.7720320 1.8523939 1.8247045 1.7447783 1.6291117 2.0713490 2.1394179 2.0461446 1.7775099 1.8069450 2.1128355 1.7231277 1.7486547 2.2187425 2.0244250 1.9838824 1.8481375 1.8835568 1.8835568 1.9104119 1.9338798 2.4641734 1.8342347 1.9862746 1.7631196 1.7958681 2.0789948 3.2625230 1.9222488 1.9931081 1.8095947 1.6366760 1.9685926 1.9811804 1.9829461 2.0154097 1.8635736 2.0100160 1.9807672 2.4587913 2.0269661 1.9252622 1.8120376 1.8968410 1.9421363 1.9457510 2.7598156 1.9019051 1.7671383 1.8120394 1.9520994 2.6205795 1.9555924 2.1122171 1.7270076 2.2334658 1.7938221 1.8873035 2.0190347 4.1531994 2.1004517 2.0302047 2.0941413 2.0917685 2.0980817 2.1930899 1.8465825 2.2831063 2.0198747 2.8137358 2.2236187 2.2422982 2.1303827 2.1553007 2.1232846 2.0463234 2.3103916 1.8798198 2.2726022 2.3946991 3.5399195 3.2144428 2.3813605 2.5747719 2.1054063 2.8304351 2.3537138 2.4543694 2.6311811 2.2022932 3.2199500 2.7986576 2.3819613 2.4054761 2.4758144 2.0562303 2.4843775 2.1259147 3.2548244 2.0432733 2.7335463 2.1599869 2.4745896 2.0756690 1.9965110 1.8984433 2.1089996 2.1422503 2.4357301 2.0067637 1.7333016 1.7865817 1.9171972 2.7809398 2.7809398 2.8776299 
Sphadest                                                                                                                                               2.0950267 2.6416315 4.4508169 2.5951631 0.0000000 1.6485946 2.3302745 1.7834918 1.6224177 2.0574973 1.6762180 1.7490056 2.2036498 1.7444506 2.4315422 1.8843110 1.8068652 2.0034510 2.2300394 1.6746712 1.8518791 2.1955074 1.5940484 1.5931515 2.2602901 1.6728070 2.1744593 1.7309205 1.5599190 1.6601047 2.4460403 1.6657249 1.8401179 2.1174099 2.2841933 1.7297719 2.8728971 2.6999293 2.6907483 1.8404997 1.9922722 1.7895513 1.9030013 1.7975566 1.9427906 1.8623970 1.8266532 1.8556143 1.7708027 1.7038890 1.8500897 2.1160802 1.8381826 1.8698232 2.0264726 1.9384458 2.3920590 1.6895737 2.1060980 1.8553842 1.7208446 2.0598618 1.9486351 1.7535286 1.7315151 1.7167834 2.1948072 1.7224936 2.4765986 1.7517112 2.2185879 1.9064816 1.9819796 1.7312969 1.6796132 1.8181077 1.8222603 1.6569395 2.3645651 1.8437952 2.2181606 3.2157190 2.1584888 2.5441327 1.6007275 2.1664756 1.7574562 1.7256621 1.5743190 1.6507983 1.9165722 1.6293858 2.2385655 1.7619801 1.6518071 1.6595457 2.0888913 1.6240797 1.8428202 1.8421996 1.8722735 1.6240414 1.6956991 2.3851873 1.6456184 2.1564064 2.6782830 2.4758681 2.4393714 1.9725534 1.7892683 1.7892683 1.8950254 1.9839928 1.7141502 2.1749257 1.6591155 1.5759461 1.6627438 1.8251159 3.4800632 1.5672067 1.5868544 1.5931475 2.2436289 1.8682311 1.7950942 1.7522720 1.7107514 1.9101751 1.9168562 2.2170760 2.8333857 1.6782545 2.0791907 1.7363126 1.8226249 1.6568362 1.9236717 2.4340842 2.5439726 2.3206511 2.0571585 1.7699567 2.1574008 1.8151108 2.0861173 1.8664128 1.8970890 1.6223691 1.6820405 2.2973925 3.8401364 1.8311382 2.1534418 2.1321650 2.2045772 1.9537494 2.3006605 1.9767333 2.6050090 1.6889113 2.5795459 2.3844457 2.3934261 1.7991831 2.0672766 1.8086931 2.6792218 2.0470603 1.7394787 2.3168253 1.9171677 3.5032062 3.1531659 1.9818096 2.0932816 2.0462740 2.2952849 2.2691621 2.0964319 2.5089471 1.9901434 2.6940422 2.3676324 2.2487539 1.9438276 2.2010305 1.7596922 2.2951838 2.0311587 4.3165376 1.8815089 2.4090565 1.7877599 2.4100839 2.4477481 1.7314957 1.5661713 2.0650443 1.7029965 2.6127503 2.5220866 1.6725594 1.6659852 1.7345382 3.0859461 3.0859461 2.9965970 
Hemirufe                                                                                                                                               0.8911185 1.5948416 3.2385957 1.9655569 1.6485946 0.0000000 0.5706944 0.3703863 0.4602504 1.4731779 0.7468622 0.8222971 0.8890075 0.8423060 0.9415985 0.7062730 0.9592394 0.9119463 0.8745153 0.9248421 0.7133222 0.7545654 0.7399809 0.6715243 0.7561872 0.6832215 0.6849942 1.1237923 0.9117834 1.0684088 1.0690240 0.9010665 1.0175323 1.2229927 1.3179925 0.8815350 2.2933917 2.0440383 1.0341429 0.9986738 0.9887422 0.8486202 0.9460709 0.8921902 0.9155613 0.8629033 0.8823008 0.7899519 0.7956827 0.9121848 0.9421906 0.8128024 0.8287836 0.9260857 0.8126483 0.8513974 1.0664539 0.7558278 1.0457207 1.3160353 0.7791685 0.8286778 0.7324468 0.6830867 0.8890490 0.6622248 0.7287084 0.6853825 1.5721334 1.1024008 1.2432374 0.9679926 1.0380945 1.0094890 0.7509765 0.8031877 0.7671281 0.8545445 0.8273043 0.7726089 0.8924048 1.8485062 1.0222954 1.0581163 0.7878653 0.8811892 0.8231367 0.7220549 0.7006262 0.6944178 0.7132868 0.8483246 0.8066694 0.7834590 0.8214468 0.8419130 0.7306272 0.6407416 1.1400049 1.1294683 0.9975475 0.8485138 0.7734951 0.8072880 0.8199572 0.8114143 1.2031285 1.3437030 1.3169871 0.8096857 0.8133885 0.8133885 0.8791021 0.9240710 1.1625608 0.8103014 0.8488783 0.8506480 0.7944302 0.9367931 1.6940313 0.7056455 0.6748181 0.6973104 0.7801190 0.5375404 0.3535028 0.4022214 0.4042754 0.5734216 0.7892401 0.6998982 0.7880315 0.6392433 0.6512675 0.7250417 0.7554139 0.7556879 0.9858269 1.6201019 0.7902203 0.8661168 0.7695316 0.7567186 1.2649270 0.8735014 1.6176331 0.8988201 1.0634686 0.9236743 0.8602776 0.6695746 2.9969212 0.9337603 1.0416114 0.9173205 1.2489258 0.8585644 0.9677839 0.7385505 0.8362636 0.7818086 1.4349980 1.0430787 1.1826262 1.0495742 1.1784195 0.9050013 1.2775279 1.1039553 1.0255438 1.1424480 1.1477679 3.2159494 2.6532408 1.2740264 1.3527278 1.0835030 1.6511696 1.2656008 1.3271337 1.4418497 1.1412199 1.5945109 1.4749867 1.3646845 1.1282741 1.1336474 0.9664153 1.3875753 1.2060083 2.5971754 1.0987539 1.5222583 1.1297077 1.8469354 1.0133254 1.0275122 0.8915420 0.8778976 0.9337492 1.2106112 1.0227096 0.7370267 0.6816736 0.9511599 2.3375106 2.3375106 2.3242069 
Goniavon                                                                                                                                               0.8997272 1.9626635 4.7326681 1.8032656 2.3302745 0.5706944 0.0000000 0.5817115 0.5870673 1.2096178 0.7839778 0.7821437 1.1476131 0.9022844 1.3072777 0.7621659 0.9818154 1.4661982 1.3760280 1.1533815 0.7013366 0.9890475 0.6998053 0.4747995 1.0568685 0.5491733 0.8817969 0.9525900 0.7395652 0.8619259 1.4179084 1.0323676 1.1196013 1.0683679 1.4620064 0.7055978 2.1544398 1.2083295 1.2060326 0.8328267 0.8533233 0.7102478 0.6664065 0.8184090 0.7575792 0.7741261 0.8014883 0.6972233 0.8901734 0.8185423 0.9921187 0.8065361 0.8044277 0.8178489 0.8052585 1.2279755 1.0417558 0.8007941 1.1504600 1.2639797 0.8221421 1.1983103 0.9342873 0.6565584 0.9916543 0.6995687 1.0259786 0.7607954 1.6493242 1.0843188 1.4388800 0.7528117 0.9150130 0.9060224 0.7354912 0.8856787 0.7532993 0.6732548 1.0580307 0.7327556 1.1623584 1.4801837 1.2197397 1.5593214 0.6827019 1.2405435 0.6346514 0.6539166 0.5578399 0.6035419 0.7301297 0.7485228 0.9519213 0.6943880 0.6714923 0.6814239 1.0549766 0.7739126 0.9318231 0.9023750 0.6657494 0.8223748 0.6311182 1.0276413 0.6072158 0.8206116 1.6365735 1.5052971 1.4389437 0.7981889 0.7102478 0.7102478 0.7180155 0.9377532 1.2278095 1.0038414 0.7250694 0.8037500 0.7744221 0.8948977 1.8390424 0.5262246 0.4863104 0.5072913 1.0682603 0.6913872 0.5441578 0.5414017 0.5922634 1.0500850 0.9193554 0.9771226 0.9459585 0.6602796 0.9570322 0.6312470 0.6832279 0.7017126 1.2238389 1.9570238 1.1538450 0.9205218 1.1079722 0.7285489 1.1669145 0.8253197 1.5425787 0.7625173 0.8629048 0.9859733 0.9062024 1.0031853 3.3370917 1.2182828 1.2065394 0.9773067 1.2764730 1.0091485 0.9733892 0.9390946 1.2288560 0.7986175 0.9311474 1.6943224 1.7207968 1.0625880 0.9413947 0.8287798 1.0196253 1.0827382 0.8860689 1.2559559 1.0622438 3.1906399 2.5061129 1.4597839 1.1309632 1.1141432 2.1214518 1.4913186 1.3814014 1.6080144 1.1983861 1.7698774 1.3396987 1.2567576 1.0482039 1.3529709 1.1999032 1.1882197 1.1370483 4.4416744 0.9805941 1.6455843 0.8620413 1.3802086 1.2591529 0.7532869 0.8529759 1.0976130 0.7628732 1.0782373 1.3266525 0.9799936 0.7713871 0.9361506 2.5666376 2.5666376 3.0649241 
Guilthet                                                                                                                                               0.8912281 1.6881544 3.3309760 2.0473731 1.7834918 0.3703863 0.5817115 0.0000000 0.3179518 1.5325887 0.8568064 0.9209451 0.9136819 0.8514606 0.9154956 0.7738463 0.9478912 0.8374591 0.7533887 0.9049954 0.6701427 0.7227310 0.7557537 0.7438103 0.8157534 0.6756130 0.7009428 1.1565317 1.0008807 1.0741211 1.1053452 0.9135715 1.0043134 1.1365060 1.2820662 0.9612289 2.4861427 2.1322190 0.9406370 0.9849983 0.9771319 0.9867569 0.9615596 0.9381003 0.9320437 0.8658609 0.8853254 0.8321972 0.9775440 1.0580007 1.1114324 0.8918770 0.8800916 0.9652850 0.9348689 0.9121099 1.1840692 0.7128648 1.0924374 1.3747856 0.8704350 0.8239958 0.7996407 0.7376448 1.0476967 0.7801392 0.9178883 0.8185694 1.6813251 1.2178765 1.3512945 1.0490276 0.9742328 1.0319666 0.8198235 0.8176362 0.7779293 0.8924203 0.8857769 0.7980084 0.9855380 2.0784568 0.9244389 0.9767028 0.8362927 0.9540859 0.7945385 0.6531532 0.7181805 0.7844028 0.8007287 0.8088795 0.8296580 0.7508080 0.7755930 0.8023594 0.8271829 0.7919112 1.1101132 1.1284734 1.0774003 0.9058198 0.8602422 0.9725365 0.8544374 0.8906250 1.1733983 1.3304867 1.2770061 0.8892581 0.9949486 0.9949486 0.9010797 0.9610677 1.2095639 0.8666579 0.9198816 0.8894375 0.8028431 0.9790331 1.6272996 0.7696887 0.7629091 0.7447088 0.7536616 0.5222116 0.3992142 0.3076044 0.2470800 0.6674374 0.8537036 0.7306130 0.8990777 0.6757885 0.6742000 0.7622292 0.7236516 0.7162101 0.9625290 1.6666512 0.8318339 0.9734877 0.8738485 0.7908036 1.1316669 0.8531339 1.6896627 0.9906948 1.1987273 1.1568209 1.0534674 0.6783639 3.3119419 1.0505687 0.9227800 0.9260375 1.2478255 0.9198712 0.8794147 0.8015561 0.8055393 0.8573076 1.5290457 1.0973073 1.2389884 1.1906909 1.2843854 0.9119816 1.2718046 1.2738305 1.0232359 1.1441387 1.1504532 3.4024991 2.5257508 1.5058139 1.2424422 1.1734906 1.6758925 1.5511748 1.2331319 1.3843305 1.2221799 1.6758288 1.6509644 1.3923609 1.2019094 1.1817224 1.0745755 1.3874719 1.1141845 2.8556229 1.1606128 1.6516897 1.2055541 1.6688284 1.0440278 0.9546571 0.8612566 1.0482810 0.8800539 1.1886829 0.9770857 0.8676252 0.8429667 0.9425149 2.2666989 2.2666989 2.5601942 
Gemicryo                                                                                                                                               1.1985907 1.5556867 2.9794371 1.9938350 1.6224177 0.4602504 0.5870673 0.3179518 0.0000000 1.6266448 1.0149775 1.0979893 1.0758921 1.0157805 0.9172935 0.8585652 0.9362100 0.8315726 0.8481353 0.9761143 0.7141316 0.7830054 0.8084620 0.8005359 0.8474939 0.6787599 0.7012847 1.1654237 0.9179817 1.1045541 1.0452264 0.8057129 1.0194164 1.2320977 1.2484774 0.9555201 2.5114389 1.9921484 1.1138097 0.9598380 0.9663583 1.0417627 1.0200285 0.9228159 0.9899619 0.9058997 0.9139637 0.9605118 1.1158424 1.0727235 1.0456070 0.8808652 0.8921633 0.9480781 0.9318983 0.9272259 1.2361044 0.7726136 1.1212495 1.4541699 0.9003026 0.8851435 0.9080354 0.8312019 1.1437064 0.8695740 0.9610972 0.8896492 1.7144982 1.2092288 1.2619181 0.9203095 0.8564200 0.9675728 0.7515177 0.7589492 0.8068466 0.8962235 0.7532900 0.8770128 0.8717152 1.8790170 1.0020428 1.0415438 0.8384110 0.9731082 0.8362960 0.7825039 0.8074414 0.8104136 0.8405453 0.8231463 0.8023365 0.7637291 0.7798203 0.7752627 0.8588806 0.8204892 1.0847840 1.1031910 1.0045726 0.9085172 0.8864878 0.8290079 0.8927700 0.8762849 1.1818563 1.4057368 1.2759180 0.9558756 1.0091054 1.0091054 0.9452970 0.9844567 1.1309279 0.8936688 0.9478850 0.8669027 0.8178909 1.1213737 1.6916574 0.8389338 0.8084592 0.8185062 0.8117973 0.6668058 0.5258328 0.3369647 0.3110107 0.7601662 0.9103323 0.8335326 0.9418756 0.7421615 0.7671192 0.7874238 0.7361026 0.7889705 0.9782934 1.7542539 0.9843285 1.0683375 0.9434234 0.8429759 1.1543903 0.8263736 1.4289875 0.8682528 1.0462459 1.0157516 0.9872348 0.6696194 3.1285418 1.0530815 1.0428001 1.0543379 1.1654870 0.9638379 1.0379473 0.8694557 0.8643890 0.8817374 1.5923880 1.2333222 1.3304738 1.1390691 1.1469767 0.9223393 1.3032274 1.2105141 0.9389070 1.2726741 1.2015707 3.4490392 2.4916469 1.3904797 1.3566727 1.2602217 1.5363492 1.5139669 1.3405279 1.4006115 1.3352589 1.6255331 1.4690785 1.3488230 1.2492246 1.1602339 1.1497469 1.4881756 1.1882648 2.9967804 1.1389830 1.5340410 1.1337973 1.7792294 1.1233011 0.9927826 0.8461567 1.1127128 0.9760463 1.2816670 1.0767167 0.8679371 0.9127807 1.0560938 2.3487993 2.3487993 2.5283667 
Protfung                                                                                                                                               1.5847901 2.3671810 4.2406314 2.5562833 2.0574973 1.4731779 1.2096178 1.5325887 1.6266448 0.0000000 1.2189037 1.4089914 1.2758460 1.2386731 1.4073645 1.2717003 1.4718017 1.5543402 1.8083735 1.6018789 1.3074118 1.2877531 1.3940453 1.1566942 1.3392012 1.2596104 1.3055784 1.3049587 1.2690037 1.1893197 1.0675960 1.1926961 1.3000950 1.6484641 1.4774510 1.0548240 2.5201804 2.5386181 1.5607444 1.4518799 1.3963593 1.3702015 1.4320714 1.4906968 1.3266535 1.3531861 1.3881674 1.3344214 1.3558318 1.2747265 1.5578085 1.4749830 1.4069527 1.4095520 1.4286241 1.4862335 1.7789937 1.2434738 1.6446611 1.7049074 1.2741368 1.4186072 1.3917423 1.3803626 1.3019613 1.3029725 1.2441550 1.3175216 1.8186236 1.3530314 1.6057704 1.5213819 1.5564374 1.6411999 1.3730148 1.3337193 1.1614415 1.3378816 1.2216961 1.3766049 1.6239902 2.8312230 1.3268393 1.4554681 1.4136507 1.6306059 1.2112827 1.2881059 1.2406674 1.3724292 1.2481474 1.1518335 1.2177462 1.2327471 1.1369048 1.1873100 1.2939653 1.2324786 1.4115732 1.3807217 1.5457433 1.3927023 1.3166946 1.3872627 1.3447870 1.3802535 1.5246561 1.6726895 1.6770571 1.3169064 1.3367625 1.3367625 1.3002263 1.3997384 1.6838022 1.4140785 1.4791754 1.3357103 1.3477964 1.4124605 2.4115911 1.2219029 1.1469904 1.1785355 1.2929801 1.2806851 1.4450432 1.5555474 1.6306523 1.3010006 1.5744265 1.4511689 1.6839160 1.3542257 1.3573118 1.1641441 1.2203604 1.3335059 1.3991614 2.0959111 1.1081509 1.3716535 1.2791825 1.1544262 1.4895887 1.3258118 1.6875088 1.4067111 1.5046010 1.2830389 1.4491800 1.3518707 3.7947900 1.5685003 1.6777917 1.3150748 1.9029715 1.2669648 1.5045976 1.3689595 1.4961639 1.2716174 2.0739824 1.7430107 1.7091629 1.5559767 1.8546820 1.1251562 0.9163052 0.9939558 1.4086862 1.4641685 1.4456911 3.3527762 3.0350535 1.6531052 1.8841787 1.7198594 1.6754639 1.8948920 1.7320526 1.6584443 1.8771415 2.0460406 1.7690998 1.7918801 1.3331401 1.4457870 1.3647538 2.2426915 1.6988874 3.5703642 1.7734663 1.8044754 1.3555159 2.2761246 1.3250665 1.4857943 1.1469639 1.5941609 1.3017102 1.8211534 1.6637196 1.2310084 1.2083601 1.4253414 2.8557531 2.8557531 3.3103485 
Aurisoli                                                                                                                                               0.9836375 1.7533914 3.3898721 1.8276082 1.6762180 0.7468622 0.7839778 0.8568064 1.0149775 1.2189037 0.0000000 0.3963760 0.4137968 0.3918476 0.6626600 0.5981972 0.8877861 0.9486234 1.0298533 0.9836507 0.5309231 0.6569250 0.5860336 0.4761244 0.6314801 0.5103464 0.4999938 1.0316869 0.7888927 0.7268281 0.8384284 0.7738617 0.8343174 0.9978460 1.2167623 0.6241069 2.3438879 1.9724072 0.9673479 0.9549295 0.8943526 0.8199631 0.7829275 0.6947030 0.6051907 0.5976718 0.6250909 0.6199436 0.5225067 0.6759420 0.6717152 0.7743640 0.7000736 0.6446523 0.5983508 0.5798487 0.8761379 0.5009374 0.8838775 1.1681506 0.4571835 0.6048120 0.4827835 0.4936272 0.7177554 0.5200490 0.4385739 0.6805701 1.3997043 0.9304227 1.1859451 0.9749880 1.0431966 0.9983688 0.8178707 0.8017855 0.6266741 0.6318456 0.6760090 0.6753720 0.9597661 2.1563777 0.8422859 0.8405100 0.6161129 0.8486363 0.7079371 0.5754664 0.5470964 0.6721541 0.5931106 0.6662470 0.6858193 0.6316298 0.6885622 0.6858578 0.5097449 0.6516165 0.9610564 0.9609971 0.9537882 0.7567191 0.7231278 0.7597212 0.6410186 0.6805338 1.0421910 1.3879107 1.3535397 0.7496028 0.8621805 0.8804808 0.8944605 0.7045675 1.2986609 0.5059950 0.6286348 0.5610092 0.5479727 0.6423921 1.2453441 0.5377080 0.4807232 0.4645294 0.6550136 0.6992550 0.7667209 0.8993268 0.8973195 0.7179078 0.6371844 0.5925361 0.6423780 0.6002561 0.5928145 0.5787892 0.5777303 0.5209463 0.8144018 1.4976924 0.3561440 0.4019769 0.4768202 0.5053417 1.1348421 0.6826800 1.3609254 0.9216432 1.0293254 0.8640044 0.8216047 0.7215829 3.1201315 0.9629178 0.9859915 0.7909690 0.9072330 0.7781431 0.8902855 0.7227866 0.7485065 0.5018686 1.3215018 1.1415104 1.0890586 0.8706697 1.1062996 0.6214601 0.8339249 1.0345326 0.7307578 1.1452788 0.9117950 2.9697127 2.4580428 1.1169090 1.1736724 1.2517980 1.7481120 1.4565617 1.3581482 1.4052730 1.1139658 1.6075196 1.4499311 1.2770682 1.1749754 1.2425614 0.8584838 1.2564705 1.1778544 2.5409974 1.0209454 1.5850810 1.0937217 1.8980683 1.0374184 0.7711406 0.7630611 0.7804173 0.7304258 1.1169470 0.7613809 0.5545114 0.5236790 0.7116166 2.1196561 2.1196561 2.2378977 
Paulchro                                                                                                                                               0.8976310 1.8907559 3.7959394 1.9100169 1.7490056 0.8222971 0.7821437 0.9209451 1.0979893 1.4089914 0.3963760 0.0000000 0.5336352 0.4202346 0.7599731 0.5216125 0.8397657 0.9874943 0.9354037 0.9167902 0.5768302 0.6576077 0.5315706 0.4874100 0.5715486 0.4931835 0.5101292 0.8346704 0.7859786 0.6739238 0.9797023 0.7637385 0.8419260 0.9025221 1.1992835 0.7302424 2.3783074 1.5784709 0.8953830 0.8633340 0.8140236 0.8199745 0.8049169 0.6936946 0.6026296 0.6172127 0.6484200 0.5919149 0.5599234 0.6376311 0.8045938 0.7586663 0.7099966 0.6092712 0.5255874 0.6252399 0.7782500 0.5082778 0.8245184 1.2268656 0.4785992 0.6429670 0.4699634 0.3790248 0.5985997 0.4591857 0.3153337 0.5883081 1.2326865 0.8405817 1.1224715 0.9849876 1.0172946 0.9873203 0.7682437 0.7774103 0.5227467 0.5619575 0.6050901 0.5816356 1.0356020 1.9464195 0.8071864 0.8195560 0.7235248 1.0073405 0.6959752 0.5001001 0.5239341 0.5900305 0.5670589 0.5497285 0.5477063 0.5387245 0.5496396 0.5360827 0.4585817 0.6370486 0.9022488 0.9045957 0.8664664 0.6797854 0.6517380 0.6959556 0.6598644 0.6519591 1.1363599 1.1476014 1.1716541 0.6595893 0.7791895 0.7776312 0.7572720 0.7192284 1.0528860 0.4772617 0.5854343 0.5552293 0.4683531 0.6441430 1.5142708 0.5047568 0.4932809 0.4565456 0.6243958 0.7240083 0.8224417 1.0000558 0.9417850 0.8165743 0.7122026 0.5739055 0.7446935 0.6456463 0.6396638 0.5355642 0.5841117 0.5101390 0.8198450 1.4624355 0.3517789 0.4019030 0.5505170 0.5066995 1.2208963 0.6262471 1.4275376 0.9182823 1.0949264 0.8661452 0.8521483 0.7420454 3.0504212 1.0714696 1.0412314 0.7128329 1.0335534 0.7806082 0.8742426 0.6754454 0.7643446 0.5431920 1.3737629 1.1043185 1.2274837 0.8471433 1.0095114 0.6212164 0.9381976 1.0940836 0.7136280 0.9425130 0.8835832 3.2208507 2.6014555 1.1884399 1.1591694 1.1768245 1.8449970 1.2974758 1.2868950 1.3287037 1.1238157 1.6156117 1.3475882 1.1540598 0.9700430 1.2699613 0.8003965 1.4701290 0.9348200 2.7087325 1.0234850 1.5824286 1.0935352 1.6903532 0.9908088 0.7669011 0.7084460 0.7243655 0.6524246 1.1243810 0.6099173 0.6937047 0.5207077 0.6267186 2.0903714 2.0903714 2.0670220 
Gymn2014                                                                                                                                               1.0703211 1.6064211 4.1483892 1.9639322 2.2036498 0.8890075 1.1476131 0.9136819 1.0758921 1.2758460 0.4137968 0.5336352 0.0000000 0.1481497 1.1660247 0.6199136 0.9446052 1.1435612 1.2362848 0.8105996 0.7167995 0.8816755 0.6727951 0.5918616 0.8728914 0.6049312 0.8899952 1.0387265 0.7732872 0.8691403 1.1432833 0.8484118 0.9372256 0.9295109 1.4464379 0.6895259 2.1709996 2.0050162 1.3287049 0.9410720 0.9263445 0.9136756 0.9319949 0.7487102 0.7425022 0.7668256 0.7909431 0.8752245 0.7376094 0.7787280 0.9527020 0.8737728 0.8503118 0.7363670 0.7603343 0.9738348 1.4177351 0.5368037 0.9144763 1.1652595 0.6181582 0.9539311 0.6985996 0.6321559 0.8196552 0.5001252 0.7460792 0.6618961 1.5525917 0.9151295 1.3118466 1.0804347 1.1877658 0.9775745 0.8093332 0.8100011 0.6899617 0.7537582 0.8719696 0.7335121 1.1640497 2.7930958 1.0889542 1.3750020 0.8324544 1.3117926 0.7091181 0.6281415 0.6708653 0.7027585 0.7815984 0.6908557 0.9408104 0.7365274 0.6591978 0.6770156 0.9284047 0.7284171 1.0039015 0.9873551 1.0144573 0.7977049 0.6629176 1.1013593 0.6838667 1.0058152 1.5167094 1.5313082 1.4892620 0.8957167 0.9059898 0.9059898 0.8543625 0.8699954 1.1153810 1.0303956 0.6875460 0.6272785 0.6130362 0.8820001 1.8489953 0.5867277 0.5694759 0.5739946 0.9910758 0.8666728 0.8932589 0.9633603 0.9068715 1.1390309 0.9066477 0.9309840 1.2353779 0.6585695 0.9503703 0.6170275 0.6330824 0.6165170 1.1669969 1.6269854 0.3153913 0.8131363 0.8094656 0.5922312 1.3233472 0.7232925 1.4619763 1.0526364 1.1107305 0.9609780 0.9134160 1.1142493 3.4322396 1.1562276 1.2580725 0.8054289 1.1281366 0.9648523 1.0941753 0.9860962 1.0326958 0.5379759 1.5709702 1.4851791 1.3722052 0.8206158 1.1912021 0.7449926 1.0088068 0.9879310 0.9141568 1.1231256 0.9828862 3.2293098 2.6878714 1.0965142 1.1600862 1.2399354 1.7928498 1.4253173 1.3745335 1.6270594 1.2337135 1.8423546 1.4149278 1.1396957 0.9746310 1.3429093 1.0839413 1.3919422 1.1951032 3.4637002 1.0741815 1.3659219 1.1981398 1.8145502 1.4536093 0.7697500 0.8660062 1.1539270 0.7302280 1.2257527 1.1886414 0.7753103 0.6680988 0.7709994 2.1516155 2.1516155 2.3799201 
Bigenata                                                                                                                                               1.0236700 1.6380262 3.7849312 1.9339793 1.7444506 0.8423060 0.9022844 0.8514606 1.0157805 1.2386731 0.3918476 0.4202346 0.1481497 0.0000000 0.8547172 0.5819886 0.8702301 0.9149295 0.9358982 0.8659910 0.5356476 0.5598283 0.6146214 0.5491758 0.5649491 0.5566827 0.5862952 0.9773798 0.7554820 0.8125393 0.9077239 0.8123137 0.8789350 0.9010237 1.3256800 0.6960060 2.2071418 1.8686549 0.9243774 0.8745252 0.8803270 0.9130498 0.8274953 0.6712304 0.6637111 0.7098453 0.7180128 0.7439013 0.6333825 0.7093595 0.8758895 0.7657769 0.7661103 0.6908430 0.5748223 0.6201804 0.9370668 0.4669012 0.7586975 1.1226258 0.5369936 0.6726255 0.4871301 0.5307759 0.7654225 0.4642288 0.4427324 0.6688870 1.5297634 0.8423273 1.2406801 0.9802595 1.0284566 0.9418380 0.7358860 0.7825124 0.5904423 0.6504749 0.6700853 0.6240295 0.9590619 2.2068471 0.8568616 0.9907972 0.7450759 0.8763075 0.6641927 0.5375110 0.5925076 0.6303465 0.5911872 0.6062904 0.6594735 0.5925537 0.6124756 0.6177852 0.5484367 0.6387905 0.9033631 0.8877437 0.9547799 0.6925544 0.5738425 0.7685406 0.6830307 0.7389687 1.1597067 1.2485519 1.2051119 0.7741118 0.8968501 0.8968501 0.8054815 0.7879884 1.0577590 0.6456066 0.6284432 0.5534578 0.5589289 0.7673095 1.4635784 0.5447047 0.5281120 0.5340618 0.7015385 0.6394355 0.8162103 0.9331976 0.8867713 0.7198096 0.7259473 0.6126419 0.8187743 0.5745002 0.6191145 0.5677125 0.5530826 0.5276699 0.8638187 1.4348898 0.0198567 0.5351449 0.5504668 0.5654710 1.2667592 0.6842044 1.4117956 0.9360627 1.0044784 0.9303552 0.8772182 0.7705425 3.1283496 1.0183494 0.9929286 0.6878617 1.0717880 0.8998731 0.9389981 0.7427126 0.7248893 0.5088371 1.4980909 1.1967364 1.1788017 0.8028355 1.1439586 0.7083723 0.9555808 1.0077030 0.8142448 0.9865138 0.9272998 3.0152372 2.7497707 1.0506465 1.0732338 1.2183723 1.7674672 1.4278606 1.2243243 1.3942721 1.1128343 1.6771629 1.4553867 1.1595217 0.9708667 1.1883544 0.9177312 1.4315269 1.1084750 2.8065359 1.1214014 1.2649173 1.1232108 1.8140284 1.1650832 0.7391385 0.8391021 0.8967098 0.7172982 1.1229359 0.8440834 0.6799859 0.6141483 0.6956411 1.8626793 1.8626793 2.0257200 
Parapyri                                                                                                                                               0.7522569 1.7010273 3.7487068 1.8004836 2.4315422 0.9415985 1.3072777 0.9154956 0.9172935 1.4073645 0.6626600 0.7599731 1.1660247 0.8547172 0.0000000 0.9762937 0.8932018 1.1562537 1.2046625 1.0488738 0.6644120 1.1009640 0.7794979 0.6665942 1.0408726 0.7269583 1.0097952 1.1317338 0.7865129 0.9006730 1.2945252 0.9566239 1.1849807 1.0850329 1.0392888 0.9055669 2.3637546 1.8400012 1.3565813 1.0282499 0.9241305 0.8503394 0.8101748 0.8071228 0.6990483 0.6902330 0.7033850 0.8791465 0.8466079 0.9255284 0.9868087 0.9016728 0.9045110 0.9126675 0.8971422 1.2022686 1.3410520 0.7279495 1.0636159 1.0869926 0.7015572 1.0847655 1.0371801 0.7625833 0.9730685 0.7084705 0.9987736 0.8432207 1.5232773 1.2505515 1.3457367 1.0760229 1.0744926 1.1405833 0.9528572 1.0266243 0.7931345 0.7912083 0.9502722 0.8534610 1.0456506 2.3124263 1.0157786 1.4358572 0.7864619 1.4041688 0.6813879 0.6962840 0.7043914 0.7257391 0.7404371 0.6779803 0.8881131 0.7894832 0.7420572 0.7097547 0.9793674 0.7606641 0.9574986 0.9609842 0.8580506 0.7603724 0.8328972 1.1863388 0.7619452 1.0388030 1.3700386 1.4642177 1.4973931 0.7991776 0.8346001 0.8346001 0.7596838 1.1099487 1.2112322 1.0657361 0.8745068 0.7728105 0.8701996 0.8704313 1.8410116 0.7026852 0.6910805 0.6791990 0.9468254 0.8798041 0.8875334 0.9310046 1.0560422 1.1425573 0.9640806 0.9183140 1.4667029 0.7428425 0.9662256 0.6632529 0.7360177 0.6561261 1.0280860 1.5750436 1.1702031 1.0133644 0.8592556 0.7190798 1.4895897 0.7873752 1.4982807 1.0112246 1.1626706 1.0096095 1.0067940 1.1739302 3.1335660 1.3632945 1.2806627 1.0463372 1.2305707 1.0060115 0.8892831 0.9899727 1.4227019 0.7791285 1.6192364 1.6024688 1.5430474 1.2316085 0.9932946 0.7497488 1.3262532 1.3092890 0.5990834 1.3099295 1.0010750 3.6497692 2.6167113 1.2006947 1.3640906 1.2452451 1.9459792 1.4195537 1.4805507 1.6348990 1.1607778 1.9838566 1.5577661 1.4752309 1.0189458 1.3789101 1.0184719 1.5576539 1.1671984 3.1025570 1.0838832 1.7917722 1.1435356 1.7027366 1.3137406 0.8721690 0.8207769 1.2165417 0.8174587 1.3458542 1.1499330 0.9936339 0.8424081 0.9751176 2.1846362 2.1846362 2.5489979 
Plasbras                                                                                                                                               1.0494893 1.7738145 2.9693078 1.9852335 1.8843110 0.7062730 0.7621659 0.7738463 0.8585652 1.2717003 0.5981972 0.5216125 0.6199136 0.5819886 0.9762937 0.0000000 0.7425111 0.8328291 0.9585025 0.8606475 0.5626786 0.6165288 0.6233696 0.5704076 0.5700495 0.6519746 0.6483255 1.0306603 0.8669208 0.8123417 0.9130018 0.7642636 0.7666161 0.9556564 1.3331985 0.7710678 2.3743429 1.9494632 0.9610598 0.8533207 0.9229467 0.9474365 0.9430885 0.7012795 0.6139684 0.6943021 0.7105080 0.6097654 0.6147891 0.7620402 0.8591699 0.7097281 0.6672966 0.6658525 0.7325613 0.6916490 0.9360422 0.5891600 0.9894232 1.2790500 0.6444539 0.8289041 0.5757848 0.4954625 0.7856999 0.5690526 0.5720917 0.7894166 1.5450572 1.0456819 1.1686313 1.0105924 1.0796214 1.0466946 0.7389985 0.6747430 0.7050308 0.7849272 0.7205597 0.7622584 0.9636898 2.1502402 0.9263556 0.9914050 0.7727844 1.0177015 0.7410909 0.6511721 0.7540531 0.7486212 0.7060359 0.6309302 0.6885369 0.6336002 0.6573676 0.6583460 0.5792867 0.6530614 1.0431292 1.0047276 0.9139124 0.7490948 0.7326797 0.8675562 0.7109758 0.7994871 1.0807445 1.0613815 1.0380024 0.8325463 0.9313087 0.9313087 0.8544756 0.7216283 1.1192775 0.6090071 0.7122915 0.5966562 0.7279358 0.8638601 1.3179707 0.6248316 0.6050367 0.5526525 0.7477223 0.6957336 0.7714657 0.7847380 0.7699493 0.7898132 0.8446760 0.7634587 0.7509964 0.5759152 0.5634698 0.5552100 0.5632804 0.5511297 1.0429061 1.2920060 0.5269420 0.5954526 0.6338385 0.7512072 1.0846014 0.7397851 1.4953863 0.9614675 1.0823938 1.1045163 1.0175461 0.6914538 3.0630227 1.1519815 1.1270006 0.8933517 1.1601581 0.7188856 0.9650716 0.7286460 0.8872507 0.6309482 1.5394827 1.2528027 1.3078191 1.0251046 1.2465939 0.7812780 0.9248081 1.0311003 1.0123364 0.9938892 0.9668904 3.0990845 2.4931499 1.3033936 1.2364601 1.2510539 1.7952889 1.5060331 1.2111240 1.1965080 1.0240502 1.5791789 1.4070668 1.0978554 1.0976629 1.1579561 0.8642285 1.1999558 1.1968694 2.6115094 1.0939153 1.3846349 0.9499075 1.6136636 1.0037636 0.8180784 0.7423378 0.8614869 0.7268526 1.1903775 0.9531339 0.7408204 0.6443001 0.7284275 2.2438419 2.2438419 2.1030155 
Rainerin                                                                                                                                               0.9944138 2.0554897 3.6465898 2.3522358 1.8068652 0.9592394 0.9818154 0.9478912 0.9362100 1.4718017 0.8877861 0.8397657 0.9446052 0.8702301 0.8932018 0.7425111 0.0000000 0.3834844 0.5463846 0.5035344 0.6363912 0.6677767 0.6707673 0.6769517 0.7483181 0.6058978 0.6555588 1.0308334 0.9593890 0.9458264 1.0509217 0.8784625 1.0475709 1.3806212 1.2171123 1.0094812 2.1387631 2.0058670 1.0355089 0.9831167 0.9793216 1.0432321 1.0866524 0.8221269 0.7433026 0.7891698 0.7939375 0.6395959 0.6656540 0.7294223 0.8469661 0.7611264 0.6664929 0.6913408 0.7118212 0.7306085 1.2881744 0.6175950 0.9705314 1.3730231 0.6648675 0.7453082 0.7081526 0.6662683 0.9384812 0.7548889 0.7181415 0.8101817 1.6790969 1.0480679 1.4296725 1.1584049 1.1882376 1.0916177 0.8842308 1.0162553 0.7996597 0.8447927 0.7157294 0.8924636 1.1561910 2.1161963 1.0649303 0.9861529 0.6920670 1.0614938 0.9466063 0.7503961 0.7512329 0.7635211 0.7056557 0.7647526 0.8003249 0.7161172 0.9006765 0.7634396 0.7173287 0.8001812 1.2390368 1.2501275 1.0813762 0.8801565 0.8305344 1.0362889 0.8424885 0.8447887 1.4394951 1.3921632 1.3403276 0.9724803 1.0483734 1.0335704 0.9483588 0.9144662 1.2543420 0.6629099 0.7922823 0.6799781 0.6963602 0.7695333 1.9579466 0.7327681 0.6784934 0.6635631 0.7360532 0.8071966 0.8252836 0.8391545 0.9731858 0.8457424 0.8458835 0.8241454 1.0690233 0.6322631 0.6375212 0.6786050 0.6520733 0.6955813 1.0705655 1.3959878 0.8003167 0.8821511 0.8810030 0.7101446 1.3574822 0.8353455 1.5910683 1.1212374 1.3824257 1.0187926 0.9677241 0.7664994 2.9424710 1.1354360 1.0684887 1.1130874 1.1660256 1.0349044 0.9335742 0.7357378 0.9004735 0.6974994 1.6842868 1.3627750 1.3953082 1.0092088 1.1843710 0.8510316 1.1881852 1.4496257 1.1170703 1.2499448 1.2140589 3.1283521 2.7130028 1.2690620 1.3636275 1.4841672 2.0097293 1.9893925 1.7157064 1.7651283 1.3604766 1.7631256 1.4606405 1.4067232 1.2928741 1.3201810 1.0904074 1.5151792 1.0813037 2.7712946 1.0972938 1.7532173 1.2291771 1.7393059 1.3476763 0.9604996 0.9742493 1.1672698 0.9153244 1.3881327 1.0998564 0.8620542 0.7518518 0.8919994 2.7621521 2.7621521 2.6909829 
