181
Calltube                                                                                                                                              0.0000000 5.7625289 3.8790778 4.3177764 3.7264702 4.0069833 4.1291951 4.0748619 4.6354411 2.8840949 4.1790284 4.1343036 5.5180616 4.9329702 4.7675208 4.4389207 4.4938826 4.2343659 9.0000000 5.7416384 3.6691299 4.1031751 5.8225708 4.8137257 3.8010023 4.0770814 2.2380959 5.3268060 4.6030121 3.9984073 4.7782528 2.8831609 3.8625213 6.0481952 4.5160099 4.0737058 4.2765695 4.2263947 4.2116294 3.2892928 4.8609213 3.8842009 1.9346208 3.1924877 3.0784775 3.6777568 5.2188333 6.5177812 6.8702074 5.1295059 5.8773080 6.3211821 4.6090303 8.1458060 3.8858143 3.6876947 5.1077365 4.2986860 6.3255099 4.8795949 3.9345074 4.9553289 4.0566510 4.2259029 6.0318954 4.6459915 4.4675381 3.9745751 2.5359002 4.6045140 3.9895727 6.8363344 4.4003082 4.1944475 4.3063653 4.6223434 4.3389514 4.6237719 3.6854592 5.3921504 4.2375495 5.2238242 5.2383165 6.4647411 5.6445710 7.1933928 7.3785241 5.8947296 5.9940093 4.0580681 4.2425090 4.4142557 4.7816300 4.9308745 4.8105977 3.3003885 3.4168224 3.4506621 2.5548305 1.6367702 1.5367557 1.7018178 3.3467797 3.7982933 4.4864144 3.8202245 3.8032111 4.1550391 3.8981053 4.5114950 4.8152992 4.3155089 2.4789864 4.6937707 4.1726164 3.5885220 3.2165252 5.4402787 3.7402737 4.3077245 6.4249274 6.5394417 5.6695804 5.2587282 4.9311320 6.8305569 4.2564166 4.0037831 4.8863427 4.9283146 4.3716242 3.9680172 4.0276175 4.6098114 3.5121886 3.6170188 4.1297372 4.9746004 3.9372468 3.6669606 5.2890808 6.7652468 4.5276528 3.5801369 4.0323734 3.7594490 4.0201333 4.4437966 4.5161308 3.0896118 3.1214303 3.9525890 3.8214691 4.9225355 4.4277218 4.1231950 3.6507530 4.2313171 5.7969867 5.4186697 4.1100499 4.1954826 4.3686038 4.4131592 4.1401600 3.9607848 4.2668865 4.6973721 4.8037192 4.6280867 4.5343922 3.3602427 4.4301309 4.0071960 5.2293877 3.7586127 9.0000000 4.5257390 9.0000000 9.0000000 5.9123905 
Protlace                                                                                                                                              5.7625289 0.0000000 3.3073404 3.4112428 2.8800907 2.7703261 3.3767232 3.2286873 3.1879828 3.8120890 3.3016819 3.5291931 3.8727406 3.3326261 4.4755147 4.5250540 4.2418816 4.1061863 9.0000000 3.5462609 3.1293883 3.1346171 4.3040086 3.4418131 3.4360757 2.7145220 2.5581654 3.4293231 4.1125627 3.2333565 3.0052185 4.1900587 4.7218101 4.7202178 2.7577553 3.5366014 3.8445541 3.3946953 3.4693027 3.0428878 3.1296011 3.0416080 4.3223879 4.2790748 3.3985487 2.9416435 3.9421207 4.5498156 4.5520943 4.4374385 4.8292420 4.7009485 4.2013460 5.2000823 3.0905739 3.1167275 6.7336307 4.9330031 4.7852495 3.5281507 3.2495729 3.4242697 3.3596204 3.4813588 4.8801059 3.0552203 3.3120562 3.3471307 2.5995830 3.5731164 3.6052079 5.1798571 3.0335302 2.9326682 2.4799889 3.1026334 2.6127316 4.1651176 3.0165852 3.4225807 3.0633423 2.8921653 3.1491741 3.0890946 3.1299688 4.1552981 5.0984184 4.6245310 4.5002468 2.9065554 2.7545132 2.9328408 3.6856224 3.3536744 3.2018317 3.3289201 4.8063699 5.1698594 3.7377691 4.1309378 4.2044712 4.3201955 4.1575508 4.0405173 3.5480508 3.6525076 3.1434334 3.4195784 3.5065294 3.5714957 3.4972318 3.4156673 2.6295741 3.3894122 2.9649986 2.9105563 3.8852202 4.6834546 4.1983332 4.2200044 4.7041099 4.6046014 4.6597473 4.9253708 4.9185476 4.4825055 4.2887844 4.2438902 4.1119082 3.9966464 3.3002481 3.1921550 3.6439955 3.1938102 3.1326562 2.9849366 3.3266430 4.7149915 3.2697006 3.4009903 4.2174861 5.8864719 3.4203789 3.3620459 4.6170234 3.4499021 3.8535156 4.5669297 3.6788014 3.9714676 3.2892985 2.8731089 3.2453454 3.0908520 2.9355113 2.8821062 2.7609470 2.9490849 4.0197661 3.9273892 3.1188584 3.2922672 3.2412416 3.1447540 3.1108123 3.2945713 2.8237278 3.2213564 3.1081666 3.0239678 3.4859175 3.0631096 3.7571074 3.3728526 4.1708634 3.9745595 1.7143821 4.2663589 9.0000000 9.0000000 3.7013395 
Monobrev                                                                                                                                              3.8790778 3.3073404 0.0000000 2.6043608 2.5530846 2.6099293 2.6918782 2.7735835 2.7593540 3.2251115 3.1131821 3.6260357 4.1624578 3.6743651 4.3786950 4.1284165 4.2319126 4.0619785 3.5048594 4.5651908 3.5428176 3.3392505 4.2485624 3.5880865 3.6390090 3.1386035 2.8513022 3.8266224 2.7397065 3.3114518 3.4692991 3.9623636 2.8985099 3.7206349 3.4226725 3.4989087 3.5381818 3.6641639 3.0886349 3.1924567 3.2486220 3.0339105 3.7125266 3.4413613 3.8777608 3.0506675 3.9422678 5.5026571 4.0768656 4.4721482 4.5273641 5.4528523 3.6221524 6.1274490 3.4311492 3.2927587 4.6975895 3.6713667 3.8711719 3.6205332 3.6465387 4.2215335 3.6659203 4.0641361 4.4271101 3.2767835 3.1244568 3.1385750 2.6651533 3.6203662 3.2000167 5.0523894 3.2798788 3.1830749 3.1598594 3.7266323 3.3621086 3.7876118 2.8090476 4.2901064 3.1851264 4.5964842 3.8981803 3.9999615 3.4582046 4.9422534 5.3399490 3.7330353 4.6615920 3.2497231 3.2034798 3.6610320 3.5095989 3.4813699 3.6557473 3.4001335 4.0792322 3.5021872 3.5668345 3.4734950 3.6336239 3.4502263 3.3659291 4.2316422 3.1113758 3.2424412 3.1064708 3.4406856 3.1007455 3.3206628 3.2241638 3.3493822 2.7160887 4.2375225 3.1311247 3.5784580 3.0820055 4.6095169 3.5441313 3.9463894 4.6268856 4.6547584 4.3491223 4.3350888 4.0588467 3.9706156 4.1847452 4.0581541 4.3020163 4.0606323 3.0500170 2.7945539 3.5684874 3.1310086 3.1140330 3.2720845 3.3892739 3.7839833 3.6096137 3.1696588 4.0550395 5.0046593 3.0829656 3.1913694 3.5759802 3.1729682 3.5120016 3.4577909 3.8157330 2.8458352 3.2067814 2.6940154 2.6632553 2.9238278 2.7938751 3.0331890 2.4548961 2.9300045 4.2455143 4.2014279 3.3271804 1.7216941 2.7541150 3.2025097 2.9796258 2.9691110 3.7262941 3.3925523 3.1640732 3.2507916 3.2366460 2.8063942 3.1679624 3.1677734 4.5526214 3.3591565 4.0563444 4.7422026 1.2670130 3.4390792 4.3903553 
Capsowcz                                                                                                                                              4.3177764 3.4112428 2.6043608 0.0000000 1.9806870 1.9980294 2.2823697 2.1072277 2.7145836 2.6065577 2.4079060 3.0229537 3.5363883 2.9346962 3.3146160 3.2175324 3.4136165 3.4018402 3.0155250 4.0752984 3.2713471 3.0388332 4.2597243 3.0339386 3.2821010 2.5904585 1.7900033 3.3893139 2.9685711 2.7961780 2.7837132 3.1093783 2.7541865 3.1336607 2.3195664 2.7309623 2.6101545 3.0312999 2.5783721 2.3784956 2.6692056 2.2214003 3.4100167 3.1894133 3.2315864 1.9988518 3.6500500 4.9335036 3.5414839 3.8342963 4.1828642 5.4837346 3.2859983 5.3216775 2.5538096 2.6811033 5.3740072 3.8451861 3.9056993 3.7467028 2.7511273 4.3501556 3.3279109 3.9707203 4.4393771 2.8325857 2.5547455 2.7049238 1.5202000 2.8269282 2.4243235 3.5714459 2.9032186 2.4670023 2.8182588 3.3615612 3.0868972 3.1520117 2.3116047 3.6850051 3.3946048 3.9677131 4.0261209 3.7463442 3.3908634 4.3137349 4.5825592 3.4858954 4.4330444 3.0085614 3.3156905 3.1010949 3.3728965 2.8997418 3.3447019 3.1111414 3.5435801 3.7448333 2.8197298 2.9632969 3.0495643 2.7967373 2.9329840 4.4477957 2.6897731 2.6372518 2.5980527 2.7270027 3.1666638 3.0289695 2.6717754 2.9654644 1.9302020 3.1652295 2.8449887 2.8495651 2.5612862 3.6702815 3.2205960 3.3694801 4.4451680 4.1509507 3.6738052 3.8695648 3.9018400 3.3835762 3.4896317 3.4250326 3.6647378 3.5013240 2.7882110 2.3490215 3.1505170 2.8349662 2.4025996 2.3591150 2.7638777 3.9562225 3.2469895 2.7787077 3.3532687 4.9171068 2.6789843 2.9325144 3.5683180 2.6471167 3.0467402 3.9499775 3.2496632 2.3136517 2.6580010 1.9276911 1.9901674 2.0804789 2.3020688 2.4447482 1.8956140 2.3259130 3.9315421 3.8722464 2.6334038 2.2919129 2.2313432 2.4553860 2.4561365 2.6500347 2.8894470 2.7834967 2.8775035 2.7649936 2.5469119 2.2314537 2.6218779 2.2608241 4.3125206 2.6352828 1.5657043 3.4401467 1.3529936 3.1314625 2.8872774 
Nemavect                                                                                                                                              3.7264702 2.8800907 2.5530846 1.9806870 0.0000000 1.3936251 2.2520688 2.0295426 2.3557609 2.5820175 2.4584081 2.5931129 2.8306029 2.6391151 3.3642199 3.2620258 3.3494300 3.4940886 2.8853671 3.6209017 2.9532412 2.8106387 4.1025901 3.1077919 3.7472811 2.6051430 1.5750322 3.1398000 2.8670483 2.7158899 2.5105953 3.4979659 2.9869163 2.9680143 2.1398477 2.6908178 2.5689497 2.9198973 2.2489022 2.3897113 2.3595888 2.0817401 3.0979810 2.8314030 2.8386557 1.9160600 3.3690488 4.3572347 3.5487936 3.6452282 3.9651772 4.6295328 3.0554117 4.8569868 2.6914396 2.8339438 3.6056679 3.5874210 3.4978499 3.2992601 2.7530957 3.3115706 3.0305417 3.4707258 4.3272081 2.6530297 2.2979470 2.5161701 1.4265748 2.7304173 2.2770740 3.4978349 2.5463393 2.2970847 2.5539361 3.1609487 2.8544181 3.6293930 2.2587756 3.3385803 3.1590324 3.3440006 3.5851013 3.3949625 3.1816231 4.3913993 4.5293038 2.9642761 4.0810116 2.7203042 3.1470813 2.7752182 3.0617303 2.7578866 2.8223761 2.7211217 3.5626429 3.4407122 2.8091508 3.0017331 2.8387992 2.7796060 2.7304992 3.7861262 2.3027353 2.6343439 2.5121201 2.7996589 2.6443553 2.7361480 2.6601574 2.7999418 2.0407757 2.6636970 2.4853374 2.3374959 2.3945921 3.7147562 2.9898819 2.9304227 4.0755365 3.8285281 3.6209861 3.3412827 3.6772785 2.9587145 3.1447482 3.1056498 3.5920230 3.1958665 2.6352755 2.1543740 2.6304584 2.5429584 2.1573544 2.0828303 2.6072029 3.5194644 2.8483433 2.6161361 3.0701362 5.0100684 2.4565330 2.9337254 3.1508677 2.1905004 2.6286356 3.1445936 2.7532558 2.3873558 2.4936462 1.3908391 1.7113208 1.5505638 1.8220277 1.6817142 1.2770097 1.5941992 3.3633566 3.1722672 1.7549880 2.1351416 2.0163878 2.3269752 2.1538498 2.4957342 2.8139601 2.4936827 2.6236499 2.4712884 2.6025573 1.9171414 2.8268508 2.1897032 3.8625546 2.6459882 1.1035583 3.6386482 1.1830499 3.0348018 2.7060772 
Homosapi                                                                                                                                              4.0069833 2.7703261 2.6099293 1.9980294 1.3936251 0.0000000 2.1932265 1.9440563 2.2975582 2.6379617 2.5359202 2.7501794 3.1319690 2.8215595 3.2816027 3.1388846 3.1194318 3.1328544 2.6323237 3.6988719 2.9945165 2.9719846 3.8997137 3.0146715 3.5299475 2.6756538 1.7237483 3.2883677 2.7359187 2.8191678 2.5759891 3.2917184 2.9026349 2.6883909 2.1773281 2.7451802 2.3611574 3.0049718 2.3593714 2.2886522 2.3811723 2.0432363 3.1723577 2.9493540 2.7318480 1.9787621 3.2698043 4.6360118 3.3414522 3.5919968 3.9486966 4.5381177 3.2180834 4.9159371 2.4133179 2.5350021 3.6894662 3.5353370 3.6999238 3.2380978 2.6596950 3.2852031 3.0656540 3.1944528 3.9664439 2.8041911 2.2589437 2.6499613 1.3948765 2.8723958 2.1643480 3.4222945 2.6778368 2.5460010 2.5316761 2.8826322 2.8283854 3.7534040 2.2410484 3.4319445 3.3543770 3.4335355 3.6768713 3.2823248 3.1344590 4.3244026 4.5655734 3.1875461 3.9643057 2.8253022 3.1961686 2.6548727 3.1594490 2.8209329 2.9887286 2.5301241 3.6808337 3.5537225 2.7803266 2.8551038 2.9566967 2.7104300 2.4987349 3.4741134 2.4444112 2.5374867 2.4081239 2.6850866 2.7450832 2.7495520 2.5490381 2.6793370 1.8879176 2.8688634 2.5020095 2.6007523 2.3849503 3.6638075 2.8805655 3.0892915 3.9963104 3.7834771 3.6158354 3.5088600 3.7082432 2.8303760 3.3120990 3.2341272 3.1683956 3.2718641 2.5601708 2.1175767 2.7015450 2.3527252 2.0429602 2.0896402 2.3608858 3.4122402 2.9573144 2.4253387 3.0049098 5.1413739 2.4236900 2.6633477 3.3795063 2.2774730 2.7443967 3.6385702 2.8765469 2.2430954 2.4075602 1.3146362 1.6868700 1.3870487 1.8986080 1.6484581 0.4271692 1.6997656 3.6311882 3.3025997 1.8227604 2.0888972 1.9924180 2.4885397 2.1282097 2.3575818 2.6688213 2.6118615 2.6198944 2.5616050 2.4544104 1.9842767 2.6616417 2.3766902 3.7015128 2.5658853 1.0874019 3.2866147 1.2104603 3.1460188 2.5030585 
Coralima                                                                                                                                              4.1291951 3.3767232 2.6918782 2.2823697 2.2520688 2.1932265 0.0000000 2.2021261 2.5569142 2.9530383 2.8673588 3.1374478 3.3512651 3.0841815 3.5137430 3.4088918 3.5568699 3.6757711 3.4537953 3.8749520 3.2766799 3.1616600 4.2316225 3.2993224 3.6373056 2.7785684 1.8419642 3.4669100 3.1471149 2.9826191 2.7666491 4.3724496 3.1208316 3.0692905 2.2543362 2.8481844 2.8710029 3.5067921 2.7291906 2.5477869 2.9370075 2.7258862 3.3449597 3.0348863 3.1241351 2.1695170 3.3957939 3.9449019 3.4914770 3.8489496 4.2345680 4.6385079 3.2121040 5.0125685 2.7135053 2.7798789 3.4503168 3.8890409 4.5753648 3.4066403 2.9138773 3.7607078 3.3081621 3.3996921 4.7273050 3.0084880 2.7409900 2.8904764 1.6769763 3.0048715 2.5722072 3.2305968 2.7444757 2.5303922 2.9636262 3.1469888 2.9514511 3.9567279 2.7002279 3.6736405 3.4080428 4.0166025 3.8579470 3.5812933 3.5484093 4.2630380 4.5054211 3.2765176 4.1050110 3.5209064 3.4592780 3.0854237 3.2821362 2.9573036 3.0381301 2.9954616 3.9751315 3.8135680 3.1068915 3.0590179 2.9658172 2.9767247 3.1115490 3.6899819 2.9343011 2.9085144 2.8355071 3.0180959 3.0243615 3.0268551 2.8251177 2.9097361 2.3835521 3.0344872 2.6905756 2.7591635 2.7254069 3.9397828 3.3441785 3.2296315 4.1731363 4.2326024 3.5325142 3.7007537 3.7801795 3.5196687 3.9036354 3.6938418 3.7012444 3.3549755 2.9387004 2.6340875 2.9537522 3.0540691 2.7230642 2.7660292 2.9465569 4.2302752 3.6587883 3.1289728 3.4860571 4.6497058 2.8604716 3.0320988 4.1052206 2.5797952 3.1634943 4.1365403 3.3660077 2.9024780 2.4424961 2.3066503 2.2072584 2.2362931 2.4429907 2.5385529 2.1363977 2.2815632 3.5638929 3.5019489 2.5289647 2.3465711 2.4768959 2.5482768 2.4387979 2.5989529 2.9271864 2.7622766 2.9094384 2.6646250 2.5601780 2.3936954 2.6260545 2.5944363 3.8662891 2.7151307 1.3500187 3.6680720 1.3459293 3.0272464 2.8562687 
Syssmult                                                                                                                                              4.0748619 3.2286873 2.7735835 2.1072277 2.0295426 1.9440563 2.2021261 0.0000000 2.1780727 2.8366822 2.5962918 2.8523809 3.2954525 2.6514696 3.4849597 3.2072950 3.3299301 3.2846400 2.7741180 3.5233179 3.1241458 2.8630689 3.8681383 2.9631451 3.4188272 2.6722574 1.7459931 3.1150773 2.7586153 2.7020041 2.6853556 3.5992965 3.0290087 2.9921993 1.9574747 2.5752262 2.6047133 3.0779310 2.6065164 2.4114868 2.7327342 2.3432785 3.0728904 3.0361656 2.8509451 1.9112102 3.5179747 4.1260706 3.2783760 3.7528970 4.0428491 4.4749650 2.7611481 4.5316017 2.4268615 2.6206865 4.0189084 3.5735717 4.0344801 3.1336418 2.8798739 3.3885588 3.0289297 3.1880410 4.4530978 2.6008280 2.5336213 2.6495097 1.7897956 2.7058904 2.4792030 3.3804831 2.9679418 2.5628362 2.5863721 2.9941463 2.8010078 3.4514589 2.2991688 3.4456841 3.3871709 3.5657994 3.5703995 3.3639213 3.3012918 4.1826854 4.6875607 3.1714351 3.9046713 2.9884560 3.0796753 2.7845929 2.9749761 2.7492540 2.8295550 2.8144862 3.8769212 3.2777571 2.9571859 2.7938995 2.8415399 2.9567946 2.9479533 3.7315389 2.6223271 2.5424973 2.5349318 2.8105603 2.6725861 2.7156332 2.6237943 2.8079421 2.2381879 2.9129419 2.5737777 2.4789654 2.4972832 3.6279815 3.1372678 2.9817044 3.8870016 3.6033799 3.6567142 3.4290812 3.7435073 3.3015133 3.1706582 3.0004284 3.3368178 3.4079425 2.7953243 2.3279691 2.7538921 2.8373425 2.3870628 2.3966599 2.4467594 3.8062542 3.0119012 2.6721386 3.2099574 4.6532459 2.4376618 2.6777138 3.3083439 2.4322556 3.0602347 3.8176386 2.8210908 2.2048771 2.3656661 2.0284531 2.0195660 2.0491347 2.3895968 2.3607168 1.7977935 2.3212970 3.8643514 3.4999639 2.2688339 2.2873780 1.9364887 2.4043920 2.1909821 2.4181563 2.9637200 2.6201261 2.5474120 2.6070255 2.6507771 2.3366498 2.4464279 2.4164296 3.7830804 2.5216168 1.2609488 3.3732786 1.1601672 3.2980100 2.9062764 
Creofrag                                                                                                                                              4.6354411 3.1879828 2.7593540 2.7145836 2.3557609 2.2975582 2.5569142 2.1780727 0.0000000 2.8553903 2.6397338 3.3428214 3.5443250 3.1536483 3.8214635 3.7783288 3.6903586 3.8203343 3.8944053 4.0491934 3.3829153 3.4825765 4.2105677 3.3790891 3.9893466 2.9078113 1.6453931 3.7589313 3.6407168 3.2590002 3.1087321 3.6892185 3.3019521 3.2534946 2.2574782 2.7890532 2.7236445 2.8330469 2.9282746 2.7959836 3.2536640 2.7963630 3.5614134 3.1948846 3.3120430 1.9182439 3.5856620 4.7715830 3.6495722 4.2267802 4.4107302 5.0405042 3.6248834 4.9519761 2.6303742 2.7593843 5.8433663 4.1561172 3.6764248 3.9145877 2.9048909 3.8960682 3.4881859 3.8389497 4.7354687 3.1232663 2.7464281 2.8458621 1.4973319 2.9919198 2.5528709 3.3245678 2.8478103 2.8335406 2.9550233 3.5219249 3.3648370 3.6884819 2.5217739 3.9361452 3.9787146 3.7340637 3.9458087 4.0197144 3.7129095 4.1717790 4.4641711 3.2928786 4.2652738 3.2211541 3.6586779 3.2972858 3.4239746 3.1158298 3.3262263 3.1201318 3.8916130 3.8092809 3.0850048 3.1998685 3.3793495 2.9837601 3.1875372 3.9132016 2.6380477 2.9791213 2.8672915 3.2533041 3.1259813 2.9989532 2.8165803 3.0063453 2.2479218 3.1969405 2.6632979 3.0253958 2.6861821 3.9160081 3.2575058 3.2928495 4.9590161 4.1242583 4.1030015 3.9832690 4.2529768 3.4146481 3.7757003 3.5401872 4.0184060 3.5561357 3.1972892 2.5186043 2.9573405 2.9591174 2.6859054 2.8078195 2.7819617 4.2866159 3.3934285 3.0678970 3.7552407 5.4988713 2.7393073 3.0293232 4.3327781 2.9844719 3.4303305 4.0920129 3.4242104 2.8071987 2.3472189 2.3391812 2.3219168 2.2506283 2.5306419 2.5138813 2.3019743 2.5235874 4.1256883 3.9817693 2.3944827 2.4425670 1.8165584 2.7649861 2.5931789 2.5560007 2.9745160 2.7605123 2.7023781 2.7408404 2.8002154 2.3008903 2.9358532 2.5005334 3.9385720 2.7095099 1.4104387 3.5506956 1.5923118 3.2887700 2.7950615 
Guilthet                                                                                                                                              2.8840949 3.8120890 3.2251115 2.6065577 2.5820175 2.6379617 2.9530383 2.8366822 2.8553903 0.0000000 1.8809958 2.9116286 3.2244206 2.6956978 4.3229912 3.4665854 3.5388295 3.5399088 3.2567838 3.9628167 3.4224759 3.1606378 4.3040401 3.3572583 3.7626939 2.7521182 2.1052983 3.5456470 3.0542776 2.8863213 3.0344630 3.7473096 2.7032425 3.2668083 2.3529320 2.6368004 2.6419265 3.0193000 2.5517749 2.8202103 2.6170015 2.1935229 3.4359294 3.1666130 2.8838259 2.3650944 3.5725797 5.0698970 3.7796933 3.7114590 4.0667148 5.7999077 3.0601037 5.0792181 2.6671608 2.7006564 5.0934241 4.1006235 3.4764873 3.7518592 2.9032231 3.9376705 3.5959116 3.7685872 3.9807466 3.0278796 3.2997627 2.8838943 2.0940746 3.2879796 2.6135220 4.6410131 3.2487801 2.6755437 2.6830504 3.3089306 2.9564787 4.0512878 2.4918440 4.4768606 3.4815444 3.5869130 3.7771589 3.6490656 3.7634027 5.0130448 4.9249383 3.6805114 5.0750228 3.1676834 3.3882073 2.8922799 2.8982471 3.0584759 3.1386530 2.8909642 3.6780303 3.5305926 2.9935006 3.2726801 3.3216816 3.2239981 3.1164522 4.1703863 2.3890894 2.8410496 2.6109778 3.2074682 3.0624396 3.1538017 3.0466331 3.4527665 2.3860368 2.9518273 2.8614504 2.5752021 1.1313053 4.1817329 3.1720699 3.3008449 4.2698667 4.2838213 3.5710156 3.4636537 3.8703951 3.8916528 3.5985159 3.4059650 3.8027039 3.6466268 2.7899331 2.4498696 3.2138838 2.5019302 2.4653880 2.4829034 2.6126941 3.4413875 2.9884463 2.9271259 3.1494003 5.3379450 3.0421244 3.1332413 4.0483570 2.6074452 3.0175639 3.7964821 3.0513173 2.6816854 2.7696431 2.7671401 2.6852342 2.2352339 3.1410393 3.2710954 2.5261184 2.9785687 4.2407603 4.1659067 2.9919247 2.8944363 2.8172683 2.7371687 2.5749401 2.9369995 3.3768014 3.2227018 3.0888716 2.7955599 2.6558568 2.5391744 2.8686541 2.6131602 4.9164347 2.9570147 1.6473415 3.8972302 1.9933375 3.9754758 2.8056758 
Goniavon                                                                                                                                              4.1790284 3.3016819 3.1131821 2.4079060 2.4584081 2.5359202 2.8673588 2.5962918 2.6397338 1.8809958 0.0000000 2.5906905 3.0021003 2.9278559 3.5777465 3.4642186 3.3116985 3.2977503 6.3410229 4.0370452 3.1769499 2.7485063 4.2373948 3.1382293 4.3637767 2.9741108 1.5442818 3.5287631 3.0343536 2.4621612 2.7760496 2.8589033 2.6294720 3.1145224 2.0867977 2.4445099 2.7044549 3.0725322 2.5673310 2.3562627 2.4210291 2.1433672 3.1595347 3.0850129 2.9163083 2.1938307 3.7414683 4.1669912 3.6997778 3.3395284 3.8805553 4.6869141 2.9007952 4.6672760 2.2857011 2.4683909 3.7139259 3.4203941 3.8058285 3.4143028 2.7862549 3.4781559 3.2841061 3.6029760 4.6230119 2.6846594 2.6465417 2.3615639 1.7186711 3.0420954 2.6622963 3.6244898 3.0481997 2.7789721 2.5281079 3.6333044 3.1424940 3.7567491 2.1732306 3.5141552 3.6924695 3.5986740 3.5589316 3.5262986 3.4177073 4.2809657 4.4487700 3.5591897 4.5473495 3.1766264 3.1554233 2.6478403 2.6551548 2.5784144 2.6431091 3.0183578 3.6748878 3.5042404 2.9694440 2.8570180 2.8048530 2.9135421 3.1451155 3.7880780 2.4473762 2.9465120 2.4902183 2.9706376 2.6605370 2.5719140 2.5818967 2.6008052 2.3501874 2.6628456 2.5931594 2.2291458 1.7631038 3.6348298 3.0953379 3.3862032 3.9555375 4.2013647 3.5748818 3.7135367 3.7419136 3.8723805 3.2953406 3.2087830 3.3351465 3.4091903 2.7892412 2.2956331 2.8501162 2.5879134 2.4616985 2.2587979 2.4591476 3.1631338 2.7966553 2.4873625 3.1273137 4.8305747 2.6209603 2.8229143 3.7365912 2.7516211 3.0544481 4.5188619 2.9016511 2.7358449 2.2226462 2.6082031 2.4546829 2.5974754 2.7854990 2.8984401 2.4152642 2.4915389 3.8519159 4.0653581 3.0333037 2.5982226 2.6330541 2.6214940 2.4723067 2.8623926 3.0723742 2.8988638 2.8464905 2.7564650 2.7655508 2.3759254 2.6768309 2.6167424 4.2194287 2.5235301 1.5333179 3.5072544 4.0890002 6.3885757 2.8007744 
ChoanoFB                                                                                                                                              4.1343036 3.5291931 3.6260357 3.0229537 2.5931129 2.7501794 3.1374478 2.8523809 3.3428214 2.9116286 2.5906905 0.0000000 1.9516803 1.9963601 3.4038578 3.4240362 3.5714746 3.5337810 3.0146271 4.2697699 3.6181787 3.5629361 4.3235746 3.7414625 4.1144388 3.1304536 1.7147151 3.4931907 3.3206290 3.0754502 2.7935122 4.3999564 3.3356228 2.9982756 2.2449127 2.7930881 3.2859852 3.1646236 2.6520640 3.0614035 3.0440437 2.8115592 3.5992001 3.3452913 3.1729434 2.1506830 3.6580440 4.5055292 3.4423126 3.7808096 4.1408622 5.6886853 3.3353850 5.1689292 2.6521973 2.9877821 5.8475514 4.0386232 3.5634355 3.8811511 3.1518157 4.1065206 3.3043579 3.2671209 4.5957823 3.0150322 3.1196000 3.0259254 1.8518133 3.4475323 2.9123240 3.5730942 3.3477190 3.2324294 3.0781452 3.6842944 3.4170610 4.1920697 2.6429146 4.1553447 3.8797773 4.0030320 4.2698905 4.0134547 4.1018194 4.5699667 4.6073463 3.2818745 4.3393671 3.2801786 3.3951927 3.2340780 3.5182994 3.2219910 3.2496151 3.3580090 3.6519801 3.2996433 3.0844201 3.1443698 3.2417520 3.0644163 3.1364662 3.9518967 2.8694415 2.9133346 2.9095413 3.0275855 2.8691986 2.9584792 2.8391653 3.0901882 2.2098682 3.0163159 2.7624231 3.5225626 2.7029354 3.6481982 3.0615094 3.2267465 4.1370574 4.3738585 3.7832002 3.8268353 3.8878351 3.7279571 3.5096694 3.3678663 3.5840239 3.5921783 2.6765540 2.6707087 3.0407877 2.9316015 2.6968861 2.7997002 2.8808260 4.0406539 3.3771349 2.8557823 3.5316952 5.0374752 2.9501541 2.8524173 3.8670573 2.6893579 3.3859312 3.9661068 3.2140815 2.9518224 2.5435525 2.8085747 2.6638100 2.5650389 2.9797160 3.1604377 2.6569614 3.1499732 4.1736800 4.4112547 3.2172261 3.0328801 3.0719616 2.9493931 2.8434590 3.1669054 3.2879699 3.4798658 3.3766558 3.0456338 3.0199830 2.8723608 3.0840886 2.7692995 4.3150171 2.7577850 1.3601550 3.8632810 1.8783376 3.4291245 3.1501516 
Raphhete                                                                                                                                              5.5180616 3.8727406 4.1624578 3.5363883 2.8306029 3.1319690 3.3512651 3.2954525 3.5443250 3.2244206 3.0021003 1.9516803 0.0000000 1.9906233 4.0091334 4.0463617 4.1127445 4.0277857 3.0293334 4.6755782 3.7601205 3.6987325 4.7955057 4.1343845 4.5055608 3.4050170 1.8384026 4.2034973 3.5760304 3.3825919 3.2027889 4.9689030 4.3383243 3.4435251 2.5211537 3.3438295 3.2284197 3.5269886 3.1145407 3.2198865 3.2449747 2.8973812 3.9107066 4.0201153 3.5514024 2.2240292 3.6931805 5.0660308 3.8107527 3.9739879 4.3409398 5.5530065 3.3119753 5.2271992 2.8618687 3.0703896 6.5014079 4.7172422 4.7215283 4.3596305 3.2126777 4.1306760 3.5712500 3.8661092 4.6902089 3.2357618 3.4272094 3.4493622 1.8966794 3.8061412 3.0010413 3.5736389 3.5055100 3.5364261 3.4783490 4.1315990 3.6757318 4.8244085 2.8863799 4.7311016 4.2862746 4.6850007 4.4584910 4.4111940 4.2512095 4.8083830 5.2148123 3.9938651 4.7968961 3.5607006 3.8964632 3.6145135 3.6892377 3.7500352 3.8642322 3.4042671 4.4367032 4.7460571 3.3928087 3.8477577 3.7767064 3.5266424 3.2172912 4.5818523 3.1922419 3.0306746 3.3107146 3.5750397 3.3293317 3.4636933 3.2001769 3.4451106 2.3571211 3.3562348 3.1659684 3.5398521 3.0933862 3.9352876 3.3261338 3.5937467 4.6487355 4.4671194 3.9962992 4.0374849 4.1092844 3.9414359 3.7809734 3.7010352 4.3922762 3.8235028 3.2144636 2.8907337 3.3248759 3.3461956 2.8350782 2.7364918 3.0271151 4.6184694 3.9104236 3.3300713 4.1128801 5.2274012 3.2732549 3.3886019 3.8703597 3.0389895 3.7615741 4.1770864 3.4478912 3.1938679 3.0415746 3.1707469 3.0397075 3.3386489 3.4768935 3.5787864 3.0431884 3.2454565 4.8070210 4.8206442 3.4868650 3.3892253 3.5041533 3.5438845 3.0454332 3.4855687 3.6778844 3.5280342 3.5549188 3.3491347 3.4568982 3.1531233 3.3914067 3.1373077 4.6362322 2.7645888 1.6343979 4.2699313 1.9371141 3.7097442 3.4807283 
Rainerin                                                                                                                                              4.9329702 3.3326261 3.6743651 2.9346962 2.6391151 2.8215595 3.0841815 2.6514696 3.1536483 2.6956978 2.9278559 1.9963601 1.9906233 0.0000000 3.7411454 3.7973966 3.9444169 3.7910866 3.2182351 4.3717463 3.2123268 3.4873028 4.2763523 3.4865951 3.6623799 2.8081155 1.6036364 3.8727822 3.3861249 3.1348292 2.9094020 4.7441815 3.8790324 3.3203203 2.2976121 3.0143607 2.9119701 3.4775830 2.7525869 2.9732948 3.0169420 2.6495044 3.7250419 3.3549514 3.5177652 2.1753638 3.4126524 4.4818902 3.6192781 3.8818045 4.2398154 5.2258464 2.9984623 5.0676044 2.9234330 3.0274847 5.1718047 4.2314809 3.3297051 3.6001716 3.0730468 3.5416957 2.9711053 3.1628487 4.6799132 2.9617653 2.8550471 3.0808128 1.7449876 3.4741369 2.7997645 3.4668749 3.3288645 3.0958402 3.3754387 3.3232933 2.9003210 4.1348759 2.6289194 4.0110052 3.6094672 3.9151611 4.1224938 3.9204564 3.7320839 4.3303201 4.4952305 3.4939950 4.3649042 3.1055126 3.3944455 3.0146029 3.1182552 3.2822863 3.2356289 3.2312084 4.2080171 3.6881703 3.2697194 3.2528483 3.3142532 3.4701654 3.1920485 4.4049365 2.8756228 2.9865995 2.9054209 3.3302225 2.9489676 2.9965558 2.9273519 3.2116307 2.2512067 3.0222962 2.9656335 3.2748574 2.6741914 3.9024580 3.1780941 3.3001716 4.2828056 4.1212546 3.9544097 3.7317289 3.7148761 3.6556533 3.6352865 3.4888260 4.0998120 3.4590087 3.0998675 2.7284695 3.0292240 2.9099309 2.5120750 2.5653316 2.6851304 3.9272361 3.5122727 2.8491376 3.7113672 5.0496306 2.8061532 2.9443726 3.6971682 2.7753330 3.2709888 3.7431735 2.9178643 2.7189928 2.6218080 2.7177761 2.6579028 2.7421291 3.0749003 3.1841745 2.6415142 2.9696139 4.2699404 4.1103390 3.1025883 3.2491531 2.8775361 3.0881410 2.8750247 3.0703535 3.3807336 3.4915345 3.2808921 3.1949552 3.1520299 2.8191090 3.0033346 2.7577343 4.1525161 2.7630081 1.4477604 4.0244505 1.3575300 3.0845253 2.9548902 
Paraconf                                                                                                                                              4.7675208 4.4755147 4.3786950 3.3146160 3.3642199 3.2816027 3.5137430 3.4849597 3.8214635 4.3229912 3.5777465 3.4038578 4.0091334 3.7411454 0.0000000 0.9021160 0.9762831 0.8883141 4.5452454 3.8504748 4.2955002 3.7458724 4.7931281 3.7320607 4.0189047 3.2812998 2.4474471 3.9645978 3.4937803 3.5419111 3.4772699 3.9015194 3.6061236 3.5211903 2.9292357 3.2979523 3.1212027 3.2241578 3.1810301 3.7150679 3.2797766 3.2513037 3.8162920 3.6727164 3.6048726 2.8485762 4.1289765 4.8330447 4.4369212 4.3339829 4.8724632 5.1746141 3.8979570 5.2725414 3.1794340 3.3656297 5.0278380 4.9304906 4.6732325 4.2411147 3.6442175 4.3703632 4.1611849 3.9915377 4.9772158 3.5480029 3.5823172 3.6252919 2.8332956 3.9643145 3.6224600 4.1802898 3.6739747 3.5275811 3.1820623 3.7701234 3.4762978 4.4718884 3.1180880 4.2788897 4.3363288 3.9554908 3.9071907 4.1717840 4.3335099 5.3785641 5.5929020 4.2679725 4.8144409 4.1181515 3.9390627 3.5204820 3.6546580 3.5114440 3.7121756 3.5931368 4.5511790 4.3297460 3.7685800 3.6987748 3.6797175 3.7620529 3.6486827 4.3094821 3.0318962 3.4841305 3.4998270 3.6629402 3.6659562 3.5761801 3.5014508 3.8500032 2.8909817 3.4772325 3.3789450 3.1321629 3.6031779 2.3134272 2.6764154 2.7921976 4.3667279 4.6656191 4.3464733 3.8573144 4.9068725 4.2856553 3.3695840 3.3349016 1.2704999 4.4277663 3.4585120 2.8966198 3.7778000 3.2782550 3.3408167 3.4556883 3.6592011 4.6790016 3.8074861 3.4323911 3.6405126 4.6778781 3.6688499 3.4438608 4.6402675 3.8743433 4.3483914 4.8357470 3.7576793 3.8657547 3.4865623 3.4629216 3.3627142 2.9436087 3.4461184 3.6009053 3.1627149 3.6088420 4.4608340 4.2549936 3.7584045 3.4552780 3.6506323 3.4540517 3.5597447 3.9590469 3.6842926 3.4944505 3.3676546 3.7993590 3.7778111 3.2288767 3.5118281 3.4109031 4.7248612 3.2882142 1.6945841 4.5455073 3.6647759 4.7896862 3.1743187 
Leismajo                                                                                                                                              4.4389207 4.5250540 4.1284165 3.2175324 3.2620258 3.1388846 3.4088918 3.2072950 3.7783288 3.4665854 3.4642186 3.4240362 4.0463617 3.7973966 0.9021160 0.0000000 0.3083329 0.7795662 4.1521939 3.8309095 3.9787310 3.6408554 4.6133643 3.3996783 3.9927955 3.1512682 2.4285046 3.6697206 3.7090043 3.2372555 3.2611486 3.6854369 3.5733812 3.6494384 2.7904642 3.3792256 3.0840734 3.2165659 3.1321473 3.7710398 3.3578885 3.1295802 3.7854112 3.7605831 3.6999661 2.7031302 4.0357847 4.6476036 4.4679921 4.4258001 4.5232274 5.1390650 3.6739834 5.0597651 3.2643351 3.5704066 4.1626756 4.4053210 4.5751195 4.0621518 3.1327069 4.2185185 3.9167465 3.8689352 4.7775443 3.2664406 3.2799807 3.6542330 2.7639969 3.7670325 3.7071890 4.4146048 3.5271036 3.6360020 3.2219337 3.6794103 3.3271801 4.3331418 3.2165289 3.9101487 4.5471080 3.9964044 3.9843488 3.9326431 4.1895478 4.9365007 5.1870060 3.9217597 4.6338156 4.1809711 3.9792724 3.6071806 3.7773607 3.4130919 3.6141659 3.6066133 4.6669504 4.1924777 3.6237910 3.6123337 3.6019652 3.7711367 3.6551224 4.1963277 2.8934223 3.5274575 3.4197848 3.5192212 3.5090788 3.4045682 3.3214436 3.4274626 2.8305201 3.5485583 3.3808290 3.1937395 3.3359328 2.2570189 2.6483392 2.8268352 4.1978734 4.4447930 4.2006600 3.8450142 4.8817426 4.1477355 3.2412801 3.0869682 1.2952477 4.1262120 3.3317350 2.8792396 3.6798765 3.5280304 3.4267356 3.4457430 3.5644920 4.6154180 3.9013608 3.5656623 3.5916674 4.6599400 3.5735877 3.3922970 4.4690909 3.8743806 4.1798314 4.8514165 3.8179252 3.9791529 3.3539892 3.2516801 3.2683714 2.8291607 3.3089702 3.4374042 3.0171384 3.4040471 4.6881943 4.4848602 3.7003353 3.3823490 3.5522152 3.3564028 3.4649817 3.7799280 3.6997098 3.5277432 3.4480832 3.7891952 3.5089367 3.2915388 3.5051190 3.3293311 4.4636406 3.4422439 1.6236428 4.2116307 3.2681878 4.7029760 3.2896048 
Leptpyrr                                                                                                                                              4.4938826 4.2418816 4.2319126 3.4136165 3.3494300 3.1194318 3.5568699 3.3299301 3.6903586 3.5388295 3.3116985 3.5714746 4.1127445 3.9444169 0.9762831 0.3083329 0.0000000 0.8150708 4.0754599 3.7348909 4.0136578 3.5714528 4.6817346 3.4978302 4.0593835 3.0914051 2.2443463 3.7262108 3.5417950 3.3024969 3.1884834 3.7024161 3.5819687 3.5662283 2.7601469 3.3272470 3.1079474 3.0939067 3.1210568 3.8110604 3.3282436 3.2237149 3.8316511 3.8145895 3.6174078 2.6867087 4.1435444 4.5345603 4.5025476 4.4266563 4.4542052 5.1281538 3.6376863 4.9522946 3.1822162 3.5410627 4.0353534 4.5563919 4.7173645 3.9440430 3.1821728 4.1936273 3.8992470 3.9540058 4.6683715 3.2862423 3.2654874 3.5902305 2.7350894 3.7064065 3.6260926 4.3430077 3.4194061 3.6364040 3.1362065 3.6173423 3.3578670 4.2962787 3.1515612 3.9370500 4.4700435 3.9010322 3.8497368 3.9057490 4.1583493 5.0077296 5.1560154 4.1051800 4.5221640 4.2319355 3.8174790 3.6329794 3.6582712 3.3796027 3.6201784 3.6500122 4.5725907 4.3671531 3.6738114 3.7140147 3.6513972 3.6903652 3.6633953 3.9807980 3.1289771 3.4270238 3.4191800 3.5197811 3.4135818 3.5358771 3.3571326 3.4860159 2.8273370 3.4891756 3.3168179 3.1726088 3.4183171 2.2759864 2.7243554 2.8662143 4.2495756 4.4095376 4.2455370 3.9213221 4.7682858 3.8881452 3.3309393 3.1694857 1.3120266 4.1148229 3.3515977 2.8277502 3.6010791 3.4099608 3.3187423 3.4864588 3.5358636 4.6426596 3.7746456 3.4013134 3.6272632 4.7102110 3.5268512 3.4059116 4.5804735 3.8002300 4.1988796 4.7040682 3.8448989 3.9324252 3.3311548 3.3267537 3.3231282 2.8254627 3.3632098 3.4210278 3.0401947 3.3455476 4.7133930 4.6086110 3.6462032 3.3751720 3.4805820 3.4158621 3.3973355 3.7628084 3.6567852 3.4557192 3.4170790 3.6645638 3.4292180 3.1951580 3.5424822 3.2891862 4.3840861 3.2900607 1.6014768 4.1015555 3.1738208 4.7359215 3.2013927 
Trypbruc                                                                                                                                              4.2343659 4.1061863 4.0619785 3.4018402 3.4940886 3.1328544 3.6757711 3.2846400 3.8203343 3.5399088 3.2977503 3.5337810 4.0277857 3.7910866 0.8883141 0.7795662 0.8150708 0.0000000 4.2386119 3.7610644 4.2222243 3.7444154 4.6656841 3.4533893 4.0446812 3.2152991 2.3853859 3.8379546 3.6932303 3.2275418 3.3081691 4.2384785 3.5614584 3.5623023 2.7647689 3.4268737 3.2601181 3.3136223 3.1297859 3.8694418 3.3528238 3.2560226 3.8998039 3.6134112 3.7358620 2.7130242 4.2067089 4.6501517 4.4358741 4.3431953 4.5838815 5.0598972 3.6743837 5.2481691 3.1645522 3.4330626 4.0277219 4.5915830 4.7938787 3.9377396 3.3266629 3.8138313 3.9947631 3.9203431 4.6435388 3.3846933 3.3745295 3.7637286 2.7589513 3.9263012 3.7173276 4.3200694 3.8470895 3.6336702 3.1498090 3.6775963 3.4436432 4.1860249 3.0294244 3.8343554 4.1840075 3.9903603 3.8129475 3.9322533 4.1583584 4.6638647 5.1708860 4.0261694 4.7371507 4.0242821 3.6180843 3.4423155 3.6381778 3.3985453 3.6100670 3.6304230 4.5375138 4.1176773 3.7643111 3.7112230 3.7963225 3.8050494 3.5313331 4.3455305 2.9676051 3.4897932 3.3677699 3.5204052 3.4371236 3.5066434 3.3285579 3.3941202 3.0196415 3.5590930 3.2877108 3.2161576 3.3910242 2.2525917 2.7046590 2.9315579 4.3293218 4.5891946 4.2689215 3.8218198 5.0642847 4.0315456 3.5828233 3.2746808 1.2817144 4.2337554 3.1865277 2.9518060 3.6341798 3.5743459 3.5831808 3.6260682 3.6819670 4.8657325 3.6864252 3.5219695 3.8369805 4.6778051 3.6761142 3.4987566 4.3977535 4.0063921 4.2521597 4.7330682 3.8418003 3.9106598 3.3264884 3.3050210 3.2606406 3.0385284 3.4483612 3.4949452 3.0582850 3.3954176 4.6857611 4.1472272 3.8204718 3.4552969 3.5631060 3.5186369 3.6264354 3.8946515 4.1014822 3.6510916 3.5879740 3.7660769 3.5163397 3.1918008 3.4071424 3.2795217 4.4290261 3.3880755 1.8577618 4.4049443 3.4009888 4.3818630 3.0918894 
Parapyri                                                                                                                                              9.0000000 9.0000000 3.5048594 3.0155250 2.8853671 2.6323237 3.4537953 2.7741180 3.8944053 3.2567838 6.3410229 3.0146271 3.0293334 3.2182351 4.5452454 4.1521939 4.0754599 4.2386119 0.0000000 2.9035606 3.2947423 3.6326415 5.4352602 4.1671344 3.9890482 3.3433342 9.0000000 3.7673396 2.7077412 2.8242870 2.8949696 6.0750882 8.9999983 3.2327958 9.0000000 8.6833525 3.2309801 3.5039142 2.9003751 3.7924808 2.7188938 3.1694787 3.7684341 3.7705459 3.0796710 0.6706012 4.1199387 5.4672002 4.1752452 4.0232526 4.4262942 5.9942954 3.3750530 5.6748112 7.4210973 3.6858371 8.9999988 6.6965915 1.1675740 4.8709893 8.9999987 4.2671833 3.9471961 4.1719599 4.3843347 3.8524792 3.1336131 3.5696383 8.9999989 4.1012309 2.7880455 3.7848954 3.2744235 3.5479824 3.4471872 3.6847438 3.5982564 3.9441279 2.9990395 4.5957918 3.7659780 8.3766403 5.0703058 4.7219492 4.4268191 4.7410474 5.2855839 2.9255158 6.1803643 3.2937881 3.9771464 3.3511062 3.7759404 3.7934981 3.6717836 3.1785170 4.4046931 3.3896332 3.2066757 3.8720548 3.9066062 3.4398065 3.2301928 4.3818262 6.3794836 3.2527236 2.8394969 3.3583674 2.8961292 3.4025345 3.3642526 3.5129998 2.5669784 5.4101171 3.2310613 8.9999981 2.8246653 4.4436462 4.0622416 4.3101014 4.0392846 5.2157744 4.3491773 3.7290848 3.4417180 3.2886387 7.8055769 8.9999985 4.7336470 4.0803780 1.6720879 2.5942678 3.5877109 2.9998512 2.7405381 3.3485375 2.7643521 3.5755194 4.1798622 3.2835167 3.9436808 4.8441437 3.3504389 3.3803186 3.7467758 4.2525742 3.1283124 3.3864134 3.3209547 3.1385953 2.3515541 3.1539469 2.9283133 9.0000000 3.4310840 3.6726011 2.7207088 3.5076588 4.6224775 4.8592810 2.4535681 3.1641196 3.2405777 3.8583155 3.1425329 3.2716412 3.6313867 3.8816481 3.3661508 3.8183692 2.8757536 3.2401464 3.5481157 2.8064970 5.5864197 3.0616722 9.0000000 5.3197004 2.2781480 3.3440044 6.0810029 
Monoexil                                                                                                                                              5.7416384 3.5462609 4.5651908 4.0752984 3.6209017 3.6988719 3.8749520 3.5233179 4.0491934 3.9628167 4.0370452 4.2697699 4.6755782 4.3717463 3.8504748 3.8309095 3.7348909 3.7610644 2.9035606 0.0000000 3.9586441 4.2713503 4.8957610 4.0724958 4.2035512 3.7880359 2.5206641 4.3332414 4.9867872 4.2509651 3.7016078 5.4602081 4.8659071 4.5090071 2.7897212 3.5522333 3.4794773 3.9822368 3.4670288 3.8181390 4.0281905 3.4346867 4.4724860 4.3931335 4.4269599 2.7936379 4.1686995 5.0645779 4.2175898 4.8340514 4.7999501 6.0576618 4.3917943 6.1026690 3.2503634 3.5970166 6.3779704 4.8097147 4.5408764 5.0433839 3.5439790 4.2179686 4.0635029 4.2716024 5.2285103 3.7189684 3.9445060 3.8623064 2.6355451 4.2009523 3.5142938 4.0211848 4.0626687 4.1926754 3.7788113 4.4035400 3.9092362 5.0083896 3.1671978 4.6425758 5.0727354 5.0488538 5.1915183 4.9991406 4.9105043 4.6808857 5.2436691 3.7073480 4.8595935 3.7473260 5.1015761 3.9834340 4.1990231 3.7495628 4.2296965 4.3924385 5.6902317 5.4092985 4.1047469 4.3238528 4.2035545 3.9924854 3.9204653 4.8160700 3.4431190 3.7609411 3.5035172 3.9040989 4.0288993 3.9140266 3.8656455 3.7509633 3.1180297 4.0853918 3.6437675 3.7187436 3.7239999 4.2332820 3.7542555 3.8928433 6.0699126 4.7437036 4.6447289 4.9029557 5.0799550 3.8190642 4.5448257 4.0907257 4.1087713 3.1480526 2.5663479 3.2709089 3.6430042 4.0090643 3.4903857 3.7800664 3.7711088 5.3423861 4.3418186 3.6701280 4.4147957 5.5919032 3.6772700 3.7350630 4.7058452 3.2867015 4.0268106 5.5237595 4.0732673 3.7395442 3.6317992 3.6974302 3.8900970 3.5071525 4.0554732 3.9052035 3.5044015 4.0514848 5.3263498 4.9603988 3.9914955 4.0667617 4.0739998 4.2032967 3.9291654 3.9862342 4.1653800 4.3738744 4.4447422 4.0108224 4.0822591 4.0753362 3.9684061 3.8543097 4.7771950 3.6724593 1.5587191 4.2500858 3.2840977 5.3858743 3.6770030 
