44
Blasemer         0.0000000 0.4896937 0.3427161 0.5237530 0.5328382 0.5251194 0.4266997 0.4064690 0.4729735 0.4548496 0.4712110 0.4668324 0.4895606 0.5300243 0.4208504 0.4097271 0.4906846 0.5132322 0.5125736 0.4824952 0.5031913 0.4926362 0.5559167 0.4805344 0.5927815 0.5440690 0.4545412 0.6063132 0.6349902 0.5496430 0.3181063 0.5461467 0.4547924 0.4916308 0.4667248 0.4719209 0.4152483 0.3897601 0.3036471 0.1282196 0.4459327 0.1280800 0.4815898 0.5893046 
Sacccere         0.4896937 0.0000000 0.6193824 0.6948937 0.7798134 0.7729640 0.6660418 0.6894968 0.7193662 0.6776542 0.7246158 0.7320362 0.7499284 0.8110039 0.6674080 0.6786926 0.7747657 0.7493085 0.7587016 0.7414266 0.7599521 0.7347835 0.8004975 0.7081438 0.8250405 0.7701440 0.6985185 0.8115366 0.8088974 0.7779866 0.5705911 0.7894888 0.5419143 0.3090910 0.5133038 0.5273657 0.6034831 0.5837134 0.5842931 0.6266758 0.7039895 0.6011352 0.7592914 0.8527663 
Batrdend         0.3427161 0.6193824 0.0000000 0.5755223 0.6584301 0.6236547 0.4977863 0.5069983 0.5389999 0.5244011 0.5403329 0.5462089 0.5824274 0.6463099 0.4879162 0.5230356 0.5849557 0.5970379 0.5791352 0.5715609 0.5864718 0.5441153 0.6274589 0.5600609 0.6643984 0.6230811 0.5328197 0.6653083 0.6912399 0.6078695 0.4095845 0.6808570 0.5460536 0.6273687 0.5598134 0.5557513 0.5028268 0.5051311 0.2582800 0.4487032 0.5352813 0.4101387 0.5726687 0.6660338 
Parasacc         0.5237530 0.6948937 0.5755223 0.0000000 0.6321883 0.7044574 0.6599893 0.6291962 0.6564122 0.6520868 0.6538239 0.6641488 0.6919763 0.7552848 0.5802826 0.5611973 0.6935248 0.6860447 0.6883033 0.6716127 0.6851186 0.6785093 0.7536115 0.6898871 0.8001003 0.7366158 0.6415992 0.7898900 0.7903597 0.7495660 0.5751016 0.7542971 0.6600371 0.6933334 0.6668411 0.6671433 0.6287116 0.6309414 0.5292198 0.5849679 0.6356561 0.5553566 0.6839812 0.8637656 
Mitodaph         0.5328382 0.7798134 0.6584301 0.6321883 0.0000000 0.7912671 0.6756640 0.7112460 0.7437308 0.7198091 0.7298057 0.7631880 0.7743200 0.8229151 0.6944271 0.6456677 0.7859223 0.7791608 0.7806345 0.7706810 0.7761982 0.7779407 0.8373262 0.7564434 0.8817204 0.8289014 0.7465521 0.8686464 0.8476852 0.8591227 0.6521440 0.8075980 0.7273780 0.7804807 0.7683239 0.7717660 0.7391778 0.6969308 0.6285075 0.6618049 0.6991923 0.6318328 0.8161113 0.9645762 
Coralima         0.5251194 0.7729640 0.6236547 0.7044574 0.7912671 0.0000000 0.4592173 0.4495455 0.5278081 0.5119612 0.5343062 0.5502888 0.5622514 0.6278961 0.6116516 0.6785466 0.5763849 0.5748624 0.5690094 0.5676361 0.5777964 0.5383210 0.6049718 0.5450231 0.6788060 0.6109384 0.5208399 0.6521233 0.6777150 0.5496042 0.6036550 0.7604756 0.7124781 0.7714929 0.7332947 0.7155640 0.7049972 0.6886314 0.5836679 0.6631343 0.7088402 0.6204659 0.5705674 0.6435310 
Pigoviet         0.4266997 0.6660418 0.4977863 0.6599893 0.6756640 0.4592173 0.0000000 0.3157406 0.3372039 0.3635507 0.3792184 0.3893261 0.4468347 0.5087884 0.4635716 0.5676894 0.4287082 0.4257155 0.4100817 0.4015645 0.4213269 0.3875048 0.5028411 0.4518317 0.5664315 0.5165184 0.3649587 0.5397504 0.5800023 0.4416576 0.4824576 0.6958996 0.5799491 0.6609868 0.5745639 0.5773355 0.5700868 0.5675680 0.4426546 0.5045695 0.6002665 0.4826809 0.4142622 0.5005804 
Syssmult         0.4064690 0.6894968 0.5069983 0.6291962 0.7112460 0.4495455 0.3157406 0.0000000 0.3906422 0.3870229 0.3939685 0.4174856 0.4553962 0.5169351 0.4896393 0.5882382 0.4575050 0.4594891 0.4436353 0.4551885 0.4629969 0.4102665 0.5107976 0.4432420 0.5714989 0.5088169 0.3918044 0.5666975 0.5937732 0.4581193 0.4925582 0.6719263 0.6210161 0.6768034 0.6319434 0.6292840 0.6026917 0.5934996 0.4582247 0.5474180 0.6277473 0.5076253 0.4300327 0.5005302 
Capsowcz         0.4729735 0.7193662 0.5389999 0.6564122 0.7437308 0.5278081 0.3372039 0.3906422 0.0000000 0.4283458 0.4296895 0.4540161 0.5096364 0.5412330 0.5154575 0.6193773 0.4880944 0.4959075 0.4777979 0.4789211 0.4929214 0.4483800 0.5668790 0.4880924 0.6109172 0.5494033 0.4361710 0.5944058 0.6221327 0.4447125 0.5451633 0.7101995 0.6557329 0.7181611 0.6777143 0.6677819 0.6241292 0.6200874 0.5015901 0.5830876 0.6543616 0.5568851 0.4613016 0.5699633 
Sphadest         0.4548496 0.6776542 0.5244011 0.6520868 0.7198091 0.5119612 0.3635507 0.3870229 0.4283458 0.0000000 0.4247874 0.4396182 0.4532312 0.5286071 0.5206321 0.5823373 0.4669968 0.4784712 0.4659363 0.4642117 0.4738955 0.4401485 0.5452741 0.4409198 0.6102740 0.5569173 0.3926550 0.5919814 0.6216150 0.4823243 0.5127763 0.6946874 0.6301196 0.6783113 0.6379681 0.6379831 0.6107965 0.5966869 0.4787848 0.5679395 0.6122323 0.5366755 0.4538575 0.5989641 
Nemavect         0.4712110 0.7246158 0.5403329 0.6538239 0.7298057 0.5343062 0.3792184 0.3939685 0.4296895 0.4247874 0.0000000 0.2928242 0.5034131 0.5065669 0.5071857 0.6016231 0.3248616 0.3342264 0.3142213 0.3380811 0.3697217 0.2940115 0.4268202 0.4910598 0.5055775 0.4952974 0.4309987 0.4812683 0.5074462 0.5032312 0.5285596 0.6903153 0.6562921 0.7255775 0.6706436 0.6716822 0.6411647 0.6218174 0.4967084 0.5969617 0.6564766 0.5501718 0.2852067 0.4264421 
Homosapi         0.4668324 0.7320362 0.5462089 0.6641488 0.7631880 0.5502888 0.3893261 0.4174856 0.4540161 0.4396182 0.2928242 0.0000000 0.5258100 0.5318446 0.5313264 0.6141182 0.3584362 0.3688757 0.2945095 0.3164328 0.3492079 0.0556384 0.4526137 0.5143632 0.4690390 0.5240743 0.4570535 0.4669559 0.4991177 0.5144400 0.5476385 0.7171693 0.6608742 0.7309898 0.6761542 0.6736585 0.6430308 0.6369696 0.5027860 0.6007149 0.6775885 0.5593295 0.2621260 0.4092151 
Creofrag         0.4895606 0.7499284 0.5824274 0.6919763 0.7743200 0.5622514 0.4468347 0.4553962 0.5096364 0.4532312 0.5034131 0.5258100 0.0000000 0.6081323 0.5788313 0.6551648 0.5513565 0.5613356 0.5444957 0.5504495 0.5571690 0.5223198 0.5969231 0.1059194 0.6414069 0.5991190 0.3244250 0.6364109 0.6617724 0.5514466 0.5895676 0.7465855 0.7051235 0.7559738 0.7118179 0.7107189 0.6769803 0.6694930 0.5465206 0.6371905 0.6975348 0.5914301 0.5380935 0.6714483 
Monobrev         0.5300243 0.8110039 0.6463099 0.7552848 0.8229151 0.6278961 0.5087884 0.5169351 0.5412330 0.5286071 0.5065669 0.5318446 0.6081323 0.0000000 0.6192812 0.6996654 0.5667211 0.5609858 0.5563665 0.5677135 0.5782943 0.5263457 0.6076790 0.5743181 0.6677923 0.3589645 0.5460506 0.6582817 0.6716286 0.5662762 0.6462724 0.7938361 0.7598336 0.8025744 0.7748659 0.7594433 0.7207346 0.7161140 0.6166996 0.6783199 0.7565767 0.6505059 0.5481358 0.6557406 
Parvatla         0.4208504 0.6674080 0.4879162 0.5802826 0.6944271 0.6116516 0.4635716 0.4896393 0.5154575 0.5206321 0.5071857 0.5313264 0.5788313 0.6192812 0.0000000 0.5443505 0.5494266 0.5554280 0.5571640 0.5507948 0.5669080 0.5191997 0.6225010 0.5754534 0.6594377 0.6125200 0.5153268 0.6659123 0.6881728 0.5877478 0.4762624 0.5574180 0.6128745 0.6760139 0.6113110 0.6062740 0.5716924 0.5695071 0.4551700 0.5129341 0.6115629 0.4885072 0.5394551 0.6395203 
Rozeallo         0.4097271 0.6786926 0.5230356 0.5611973 0.6456677 0.6785466 0.5676894 0.5882382 0.6193773 0.5823373 0.6016231 0.6141182 0.6551648 0.6996654 0.5443505 0.0000000 0.6308744 0.6477120 0.6366294 0.6386887 0.6410853 0.6185961 0.7006640 0.6476526 0.7498312 0.7009601 0.6067395 0.7407316 0.7471854 0.6844551 0.5178766 0.7295560 0.6123244 0.6891912 0.6630111 0.6561528 0.6079304 0.5997158 0.4843203 0.5407854 0.6011433 0.5163207 0.6290898 0.7487385 
Tricadha         0.4906846 0.7747657 0.5849557 0.6935248 0.7859223 0.5763849 0.4287082 0.4575050 0.4880944 0.4669968 0.3248616 0.3584362 0.5513565 0.5667211 0.5494266 0.6308744 0.0000000 0.4048236 0.3801984 0.4061139 0.4158148 0.3634297 0.4874806 0.5422927 0.5373968 0.5487241 0.4928483 0.5150860 0.5576673 0.5538934 0.5831121 0.7439634 0.7026568 0.7601640 0.7125890 0.7106034 0.6766505 0.6703975 0.5507484 0.6190115 0.6891386 0.5910723 0.3685386 0.4832471 
Amphquee         0.5132322 0.7493085 0.5970379 0.6860447 0.7791608 0.5748624 0.4257155 0.4594891 0.4959075 0.4784712 0.3342264 0.3688757 0.5613356 0.5609858 0.5554280 0.6477120 0.4048236 0.0000000 0.3896575 0.4005880 0.4221233 0.3725424 0.4756376 0.5344934 0.5312210 0.5487361 0.4963684 0.5215583 0.5510802 0.5517520 0.5933522 0.7708945 0.6970056 0.7455683 0.7227880 0.7107262 0.6885576 0.6795348 0.5457932 0.6386862 0.6836968 0.5919193 0.3715908 0.4787102 
Aplycali         0.5125736 0.7587016 0.5791352 0.6883033 0.7806345 0.5690094 0.4100817 0.4436353 0.4777979 0.4659363 0.3142213 0.2945095 0.5444957 0.5563665 0.5571640 0.6366294 0.3801984 0.3896575 0.0000000 0.3274012 0.3417246 0.3004127 0.4675812 0.5335141 0.4767479 0.5431475 0.4785813 0.4415678 0.4709351 0.5304118 0.5761807 0.7489232 0.6894742 0.7524101 0.7008173 0.6908502 0.6742431 0.6598430 0.5374549 0.6329815 0.7046219 0.5902190 0.2960512 0.4207450 
Apismell         0.4824952 0.7414266 0.5715609 0.6716127 0.7706810 0.5676361 0.4015645 0.4551885 0.4789211 0.4642117 0.3380811 0.3164328 0.5504495 0.5677135 0.5507948 0.6386887 0.4061139 0.4005880 0.3274012 0.0000000 0.2245247 0.3133006 0.4780390 0.5382156 0.4860841 0.5527966 0.4863691 0.4688812 0.5012968 0.5269121 0.5717749 0.7511426 0.6996012 0.7535694 0.7086750 0.6972861 0.6790966 0.6691673 0.5340422 0.6335042 0.6850432 0.5829058 0.3334618 0.3669091 
Drosmela         0.5031913 0.7599521 0.5864718 0.6851186 0.7761982 0.5777964 0.4213269 0.4629969 0.4929214 0.4738955 0.3697217 0.3492079 0.5571690 0.5782943 0.5669080 0.6410853 0.4158148 0.4221233 0.3417246 0.2245247 0.0000000 0.3460501 0.5027541 0.5422241 0.4987540 0.5651490 0.4996355 0.4879581 0.5224251 0.5536063 0.5871757 0.7589569 0.7066211 0.7564186 0.7182043 0.7020281 0.6878617 0.6754050 0.5494143 0.6436850 0.6898428 0.5988968 0.3522985 0.3729701 
Gallgall         0.4926362 0.7347835 0.5441153 0.6785093 0.7779407 0.5383210 0.3875048 0.4102665 0.4483800 0.4401485 0.2940115 0.0556384 0.5223198 0.5263457 0.5191997 0.6185961 0.3634297 0.3725424 0.3004127 0.3133006 0.3460501 0.0000000 0.4502063 0.4962507 0.4891803 0.5171779 0.4521023 0.4828229 0.5013588 0.5099053 0.5391985 0.6967983 0.6563046 0.7262786 0.6655137 0.6634097 0.6380790 0.6339228 0.4933790 0.5984112 0.6948904 0.5545838 0.2628714 0.3825880 
Mnemleid         0.5559167 0.8004975 0.6274589 0.7536115 0.8373262 0.6049718 0.5028411 0.5107976 0.5668790 0.5452741 0.4268202 0.4526137 0.5969231 0.6076790 0.6225010 0.7006640 0.4874806 0.4756376 0.4675812 0.4780390 0.5027541 0.4502063 0.0000000 0.5940132 0.6203155 0.6140162 0.5533676 0.5900597 0.6211474 0.6262285 0.6360953 0.8280044 0.7418893 0.7982651 0.7618486 0.7386328 0.7208099 0.7149889 0.5983465 0.6759679 0.7483409 0.6362103 0.4578429 0.5850648 
Sphaarct         0.4805344 0.7081438 0.5600609 0.6898871 0.7564434 0.5450231 0.4518317 0.4432420 0.4880924 0.4409198 0.4910598 0.5143632 0.1059194 0.5743181 0.5754534 0.6476526 0.5422927 0.5344934 0.5335141 0.5382156 0.5422241 0.4962507 0.5940132 0.0000000 0.6319523 0.6042370 0.3234943 0.6223186 0.6498382 0.5441818 0.5787803 0.7435773 0.6834255 0.7134611 0.6891819 0.6872764 0.6485982 0.6458881 0.5378792 0.6059877 0.6773274 0.5751326 0.5382139 0.6604651 
Caeneleg         0.5927815 0.8250405 0.6643984 0.8001003 0.8817204 0.6788060 0.5664315 0.5714989 0.6109172 0.6102740 0.5055775 0.4690390 0.6414069 0.6677923 0.6594377 0.7498312 0.5373968 0.5312210 0.4767479 0.4860841 0.4987540 0.4891803 0.6203155 0.6319523 0.0000000 0.6873011 0.6082015 0.6006380 0.6409988 0.6718696 0.6758206 0.8545797 0.7815417 0.8405809 0.7970611 0.7772310 0.7626593 0.7484086 0.6314604 0.7107629 0.7550907 0.6725897 0.4851396 0.5627279 
Salprose         0.5440690 0.7701440 0.6230811 0.7366158 0.8289014 0.6109384 0.5165184 0.5088169 0.5494033 0.5569173 0.4952974 0.5240743 0.5991190 0.3589645 0.6125200 0.7009601 0.5487241 0.5487361 0.5431475 0.5527966 0.5651490 0.5171779 0.6140162 0.6042370 0.6873011 0.0000000 0.5586484 0.6611416 0.6770218 0.5950922 0.6181472 0.7707269 0.7211046 0.7775532 0.7428938 0.7336536 0.7055093 0.6949281 0.5897402 0.6640479 0.7093611 0.6350567 0.5395219 0.6325241 
Amoepara         0.4545412 0.6985185 0.5328197 0.6415992 0.7465521 0.5208399 0.3649587 0.3918044 0.4361710 0.3926550 0.4309987 0.4570535 0.3244250 0.5460506 0.5153268 0.6067395 0.4928483 0.4963684 0.4785813 0.4863691 0.4996355 0.4521023 0.5533676 0.3234943 0.6082015 0.5586484 0.0000000 0.6078902 0.6230593 0.5050582 0.5316435 0.7078905 0.6447583 0.6973039 0.6516848 0.6508938 0.6113062 0.6036051 0.4888092 0.5731436 0.6390392 0.5367171 0.4743012 0.5702207 
Schimans         0.6063132 0.8115366 0.6653083 0.7898900 0.8686464 0.6521233 0.5397504 0.5666975 0.5944058 0.5919814 0.4812683 0.4669559 0.6364109 0.6582817 0.6659123 0.7407316 0.5150860 0.5215583 0.4415678 0.4688812 0.4879581 0.4828229 0.5900597 0.6223186 0.6006380 0.6611416 0.6078902 0.0000000 0.2921260 0.6509719 0.6699335 0.8486523 0.7667570 0.7955260 0.7926610 0.7730632 0.7536943 0.7452537 0.6387738 0.7145422 0.7685711 0.6758552 0.4793456 0.5863092 
Taensoli         0.6349902 0.8088974 0.6912399 0.7903597 0.8476852 0.6777150 0.5800023 0.5937732 0.6221327 0.6216150 0.5074462 0.4991177 0.6617724 0.6716286 0.6881728 0.7471854 0.5576673 0.5510802 0.4709351 0.5012968 0.5224251 0.5013588 0.6211474 0.6498382 0.6409988 0.6770218 0.6230593 0.2921260 0.0000000 0.6730660 0.6977162 0.8682021 0.7860580 0.8294767 0.8076884 0.7772614 0.7643815 0.7528454 0.6564935 0.7210592 0.7561309 0.6957503 0.5182477 0.6001639 
Minivibr         0.5496430 0.7779866 0.6078695 0.7495660 0.8591227 0.5496042 0.4416576 0.4581193 0.4447125 0.4823243 0.5032312 0.5144400 0.5514466 0.5662762 0.5877478 0.6844551 0.5538934 0.5517520 0.5304118 0.5269121 0.5536063 0.5099053 0.6262285 0.5441818 0.6718696 0.5950922 0.5050582 0.6509719 0.6730660 0.0000000 0.5805064 0.7577484 0.7049441 0.7776184 0.7085630 0.7125112 0.6934788 0.6772229 0.5616651 0.6357737 0.6767289 0.5960865 0.5267148 0.6038422 
Rhizdele         0.3181063 0.5705911 0.4095845 0.5751016 0.6521440 0.6036550 0.4824576 0.4925582 0.5451633 0.5127763 0.5285596 0.5476385 0.5895676 0.6462724 0.4762624 0.5178766 0.5831121 0.5933522 0.5761807 0.5717749 0.5871757 0.5391985 0.6360953 0.5787803 0.6758206 0.6181472 0.5316435 0.6699335 0.6977162 0.5805064 0.0000000 0.6743250 0.4919351 0.5737678 0.5034653 0.5076095 0.4462453 0.4368513 0.3510220 0.4401126 0.5269320 0.3999424 0.5583804 0.6465147 
Fontalba         0.5461467 0.7894888 0.6808570 0.7542971 0.8075980 0.7604756 0.6958996 0.6719263 0.7101995 0.6946874 0.6903153 0.7171693 0.7465855 0.7938361 0.5574180 0.7295560 0.7439634 0.7708945 0.7489232 0.7511426 0.7589569 0.6967983 0.8280044 0.7435773 0.8545797 0.7707269 0.7078905 0.8486523 0.8682021 0.7577484 0.6743250 0.0000000 0.7656687 0.8270475 0.7876486 0.7839449 0.7579530 0.7357523 0.6434252 0.6787346 0.7459723 0.6608211 0.7403650 0.9683738 
Schizpom         0.4547924 0.5419143 0.5460536 0.6600371 0.7273780 0.7124781 0.5799491 0.6210161 0.6557329 0.6301196 0.6562921 0.6608742 0.7051235 0.7598336 0.6128745 0.6123244 0.7026568 0.6970056 0.6894742 0.6996012 0.7066211 0.6563046 0.7418893 0.6834255 0.7815417 0.7211046 0.6447583 0.7667570 0.7860580 0.7049441 0.4919351 0.7656687 0.0000000 0.5521730 0.5083508 0.5061929 0.5340688 0.5322484 0.4928695 0.5809449 0.6294993 0.5316610 0.6836524 0.8232570 
Debahans         0.4916308 0.3090910 0.6273687 0.6933334 0.7804807 0.7714929 0.6609868 0.6768034 0.7181611 0.6783113 0.7255775 0.7309898 0.7559738 0.8025744 0.6760139 0.6891912 0.7601640 0.7455683 0.7524101 0.7535694 0.7564186 0.7262786 0.7982651 0.7134611 0.8405809 0.7775532 0.6973039 0.7955260 0.8294767 0.7776184 0.5737678 0.8270475 0.5521730 0.0000000 0.5207521 0.5260108 0.6079319 0.5921428 0.5844896 0.6526188 0.7027574 0.6096319 0.7609902 0.8344773 
Aspefumi         0.4667248 0.5133038 0.5598134 0.6668411 0.7683239 0.7332947 0.5745639 0.6319434 0.6777143 0.6379681 0.6706436 0.6761542 0.7118179 0.7748659 0.6113110 0.6630111 0.7125890 0.7227880 0.7008173 0.7086750 0.7182043 0.6655137 0.7618486 0.6891819 0.7970611 0.7428938 0.6516848 0.7926610 0.8076884 0.7085630 0.5034653 0.7876486 0.5083508 0.5207521 0.0000000 0.2591980 0.5336588 0.5338361 0.5076493 0.5766945 0.6473051 0.5454269 0.7069501 0.7705278 
Neurcras         0.4719209 0.5273657 0.5557513 0.6671433 0.7717660 0.7155640 0.5773355 0.6292840 0.6677819 0.6379831 0.6716822 0.6736585 0.7107189 0.7594433 0.6062740 0.6561528 0.7106034 0.7107262 0.6908502 0.6972861 0.7020281 0.6634097 0.7386328 0.6872764 0.7772310 0.7336536 0.6508938 0.7730632 0.7772614 0.7125112 0.5076095 0.7839449 0.5061929 0.5260108 0.2591980 0.0000000 0.5367954 0.5353511 0.5142888 0.5794939 0.6666194 0.5522874 0.7154012 0.7498310 
Ustimayd         0.4152483 0.6034831 0.5028268 0.6287116 0.7391778 0.7049972 0.5700868 0.6026917 0.6241292 0.6107965 0.6411647 0.6430308 0.6769803 0.7207346 0.5716924 0.6079304 0.6766505 0.6885576 0.6742431 0.6790966 0.6878617 0.6380790 0.7208099 0.6485982 0.7626593 0.7055093 0.6113062 0.7536943 0.7643815 0.6934788 0.4462453 0.7579530 0.5340688 0.6079319 0.5336588 0.5367954 0.0000000 0.3698593 0.4591275 0.5258048 0.5884685 0.4985570 0.6545934 0.8230124 
Coprcine         0.3897601 0.5837134 0.5051311 0.6309414 0.6969308 0.6886314 0.5675680 0.5934996 0.6200874 0.5966869 0.6218174 0.6369696 0.6694930 0.7161140 0.5695071 0.5997158 0.6703975 0.6795348 0.6598430 0.6691673 0.6754050 0.6339228 0.7149889 0.6458881 0.7484086 0.6949281 0.6036051 0.7452537 0.7528454 0.6772229 0.4368513 0.7357523 0.5322484 0.5921428 0.5338361 0.5353511 0.3698593 0.0000000 0.4491352 0.5255055 0.6040985 0.4902481 0.6658218 0.7512506 
Spizpunc         0.3036471 0.5842931 0.2582800 0.5292198 0.6285075 0.5836679 0.4426546 0.4582247 0.5015901 0.4787848 0.4967084 0.5027860 0.5465206 0.6166996 0.4551700 0.4843203 0.5507484 0.5457932 0.5374549 0.5340422 0.5494143 0.4933790 0.5983465 0.5378792 0.6314604 0.5897402 0.4888092 0.6387738 0.6564935 0.5616651 0.3510220 0.6434252 0.4928695 0.5844896 0.5076493 0.5142888 0.4591275 0.4491352 0.0000000 0.4092982 0.4654441 0.3643641 0.5247284 0.6045499 
Blasbrit         0.1282196 0.6266758 0.4487032 0.5849679 0.6618049 0.6631343 0.5045695 0.5474180 0.5830876 0.5679395 0.5969617 0.6007149 0.6371905 0.6783199 0.5129341 0.5407854 0.6190115 0.6386862 0.6329815 0.6335042 0.6436850 0.5984112 0.6759679 0.6059877 0.7107629 0.6640479 0.5731436 0.7145422 0.7210592 0.6357737 0.4401126 0.6787346 0.5809449 0.6526188 0.5766945 0.5794939 0.5258048 0.5255055 0.4092982 0.0000000 0.5150520 0.2124262 0.6162240 0.7418653 
ProbableParasite 0.4459327 0.7039895 0.5352813 0.6356561 0.6991923 0.7088402 0.6002665 0.6277473 0.6543616 0.6122323 0.6564766 0.6775885 0.6975348 0.7565767 0.6115629 0.6011433 0.6891386 0.6836968 0.7046219 0.6850432 0.6898428 0.6948904 0.7483409 0.6773274 0.7550907 0.7093611 0.6390392 0.7685711 0.7561309 0.6767289 0.5269320 0.7459723 0.6294993 0.7027574 0.6473051 0.6666194 0.5884685 0.6040985 0.4654441 0.5150520 0.0000000 0.4888773 0.7002908 0.7579314 
Allomacr         0.1280800 0.6011352 0.4101387 0.5553566 0.6318328 0.6204659 0.4826809 0.5076253 0.5568851 0.5366755 0.5501718 0.5593295 0.5914301 0.6505059 0.4885072 0.5163207 0.5910723 0.5919193 0.5902190 0.5829058 0.5988968 0.5545838 0.6362103 0.5751326 0.6725897 0.6350567 0.5367171 0.6758552 0.6957503 0.5960865 0.3999424 0.6608211 0.5316610 0.6096319 0.5454269 0.5522874 0.4985570 0.4902481 0.3643641 0.2124262 0.4888773 0.0000000 0.5768445 0.6878587 
Branflor         0.4815898 0.7592914 0.5726687 0.6839812 0.8161113 0.5705674 0.4142622 0.4300327 0.4613016 0.4538575 0.2852067 0.2621260 0.5380935 0.5481358 0.5394551 0.6290898 0.3685386 0.3715908 0.2960512 0.3334618 0.3522985 0.2628714 0.4578429 0.5382139 0.4851396 0.5395219 0.4743012 0.4793456 0.5182477 0.5267148 0.5583804 0.7403650 0.6836524 0.7609902 0.7069501 0.7154012 0.6545934 0.6658218 0.5247284 0.6162240 0.7002908 0.5768445 0.0000000 0.3993366 
ProbableCopepod  0.5893046 0.8527663 0.6660338 0.8637656 0.9645762 0.6435310 0.5005804 0.5005302 0.5699633 0.5989641 0.4264421 0.4092151 0.6714483 0.6557406 0.6395203 0.7487385 0.4832471 0.4787102 0.4207450 0.3669091 0.3729701 0.3825880 0.5850648 0.6604651 0.5627279 0.6325241 0.5702207 0.5863092 0.6001639 0.6038422 0.6465147 0.9683738 0.8232570 0.8344773 0.7705278 0.7498310 0.8230124 0.7512506 0.6045499 0.7418653 0.7579314 0.6878587 0.3993366 0.0000000 
