154
Calltube                                                                                                                                             0.0000000 1.5726784 1.7340393 1.6962621 1.5577783 1.5976282 1.5675705 1.5757965 1.3699046 1.3786899 1.3830809 1.5545780 1.7389768 1.6813511 1.6712575 1.7059740 1.7328931 1.7077913 1.6265358 1.6211336 1.1002241 1.4166639 1.4182714 1.4851136 1.8876513 1.5144455 1.4753945 1.4212323 1.6028999 1.4074195 1.4782242 1.4184306 1.4806769 1.4175400 2.0711155 1.8748786 1.8014399 1.6952075 1.8320719 1.7897893 2.0821765 1.8288856 1.8005653 1.4199841 1.5072206 1.0176766 0.4951002 0.7536320 1.6114654 1.4497319 1.5656548 1.1876948 1.4391798 1.2504002 1.6447198 1.7885069 1.5569707 1.8774133 1.7128500 1.6347535 1.6620231 1.5505782 1.5613041 1.5130939 1.4445668 1.4519760 1.4459505 1.3768930 1.4516216 1.3612844 1.4212437 1.6240217 1.4761843 1.5087500 1.6347710 1.6423008 1.4126886 1.4702968 1.3219123 1.4247478 1.0375563 1.0380550 0.9255734 0.6468492 0.7156716 0.6331826 0.5820162 0.4551586 0.4338461 0.4204042 0.7316969 1.1543573 1.2702204 1.8321757 1.6481486 1.8719527 2.0088670 2.0081355 2.4633587 1.8893968 1.8868720 1.9048611 1.9214123 1.9462934 1.8461071 1.8617872 1.8298366 1.7485336 1.9132442 1.8533242 1.1807150 1.5268477 1.3299677 1.3869407 1.4880456 1.4876911 1.4065505 1.6054789 1.8348268 1.7957197 1.7465361 1.4114689 1.5920781 1.6536100 1.6385827 1.6718649 1.7708546 1.7385981 1.6433267 1.5820495 1.4132693 1.2349093 1.5065475 1.5562864 1.4484940 1.4957032 1.4071357 1.7312516 1.6812920 1.5175924 1.8074306 1.5823572 1.6035392 1.9119419 1.7150894 1.4391338 1.4942638 1.2117978 1.7236025 1.5727599 1.8903271 9.0000000 1.7941807 1.5241411 
Protlace                                                                                                                                             1.5726784 0.0000000 1.5298900 1.6038531 1.3556860 1.3515103 1.4067826 1.4194411 1.4218387 1.4350460 1.3499437 1.0090587 1.3738824 1.2925129 1.3412594 1.2829809 1.4084287 1.2005068 1.2614019 1.2312956 1.2586021 1.3178267 1.1792821 1.2744052 1.8005936 1.2095053 1.1581533 1.1623228 1.2130988 1.1531446 1.1842818 1.2153428 1.2059940 1.2318581 1.7241337 1.8121134 1.6421298 1.7126348 1.6637198 1.7345934 1.8426902 1.8483927 1.3148091 1.1417995 1.2042803 1.4273258 1.4227851 1.4997625 1.2443852 1.2956777 1.3677480 1.3232963 1.2990112 1.3039181 1.4341539 1.5759861 1.3680063 1.6044271 1.5062068 1.4434469 1.3810127 1.3760473 1.3989747 1.3414075 1.6135589 1.3985125 1.4365936 1.4305094 1.0502459 1.1357232 1.0793996 0.9865592 1.2817489 1.1733669 1.2189303 1.2648941 1.1744110 1.1408777 1.3067433 1.4314920 1.3155893 1.3743594 1.3862984 1.3495437 1.4329629 1.3465653 1.3866200 1.3531114 1.4117210 1.3812951 1.2871410 1.1629347 1.2029264 1.7415870 1.3112686 1.7199021 1.7849852 1.4743863 2.2039793 1.7123000 1.6254055 1.5726116 1.5960074 1.7828061 1.7128535 1.7485467 1.8037227 1.6545879 1.7487893 1.7726684 1.1768640 1.2321376 1.2907257 1.1752158 1.2542782 1.1214009 1.3788496 1.4203863 1.7480211 1.8625336 1.8405986 1.2234058 1.4075508 1.3127360 1.4151471 1.3399895 1.3437269 1.3553474 1.3316202 1.3328959 1.1116685 1.2714954 1.2281383 1.1558595 1.2257414 1.2149715 1.2137641 1.4959589 1.3428205 1.3721938 1.5236813 1.4767181 1.5157727 1.5486619 1.4367145 1.3989699 1.3502635 1.2318250 1.3345800 1.5045454 1.7126534 3.2623120 1.7171701 1.5571741 
Oxyrmari                                                                                                                                             1.7340393 1.5298900 0.0000000 1.2542999 1.1705010 1.0995644 1.3113925 1.1623295 1.4781851 1.5620758 1.4643396 1.4691859 1.6261103 1.5808902 1.4845449 1.5099379 1.6188939 1.4881921 1.5174937 1.4172240 1.7743659 1.5143988 1.5217282 1.5720629 1.8362958 1.6111626 1.6213665 1.6793493 1.7866082 1.7684265 1.6990146 1.6958821 1.7436500 1.7013200 2.0485603 2.0830116 2.1559234 1.9364808 1.9573919 2.0496273 2.2514589 2.0902030 1.6928307 1.5557408 1.6095923 1.7806261 1.5231963 1.5895714 1.5905270 1.5631318 1.5647835 1.3988690 1.6556890 1.7245736 1.6781709 1.6906028 1.7307295 1.9079622 1.8489452 1.7071663 1.2077741 1.0949605 1.0291143 1.0815166 1.3032394 1.5587124 1.5848464 1.5475883 1.4211319 1.4725124 1.4851598 1.4215345 1.5754288 1.6996963 1.7031598 1.8729856 1.6669614 1.7723253 1.6111768 1.5433913 1.5354915 1.7497992 1.7778057 1.4823878 1.5592111 1.6485165 1.5771148 1.4179553 1.4432118 1.5535574 1.5466680 1.6153189 1.6041377 2.0222316 1.5258148 2.0089255 2.1601860 1.8823540 2.5391562 1.9549598 2.0082551 1.9669183 2.1146944 2.1870333 2.0671234 2.0254901 2.1670979 1.9802007 2.0656875 2.0706175 1.2813369 1.6112965 1.6234289 1.6676677 1.5102516 1.5610018 1.5648241 1.7186795 2.1098048 2.1383728 2.0493547 1.5694599 1.6492627 1.8902528 1.7265400 1.6835086 1.8847380 1.7610005 1.6071852 1.6132351 1.6161266 1.5175919 1.6771600 1.4667327 1.6620077 1.4933613 1.6439348 1.8533209 1.8216802 1.7031057 1.7747148 1.6195474 1.6924492 1.7675465 1.7749914 1.6243549 1.6949869 1.3432580 1.9218172 1.9708422 1.7864908 2.8395548 1.7843040 1.6530473 
Symbmicr                                                                                                                                             1.6962621 1.6038531 1.2542999 0.0000000 1.2486029 1.1452188 1.3356660 1.4273116 1.3578051 1.5217484 1.4754697 1.5619517 1.7381719 1.8341893 1.5076140 1.5517194 1.6276308 1.6378030 1.5592689 1.5510309 1.5227050 1.5870931 1.7436401 1.5034751 1.8904853 1.6470776 2.0795656 1.7534294 1.9478105 1.9242424 1.8434485 1.8086417 2.2013415 2.0658203 2.1177309 2.1149158 2.1435815 2.0458161 2.0354116 2.0499000 2.2152797 2.1655594 2.0281193 1.5504885 1.7761707 1.5791639 1.4811949 1.5445115 1.6326444 1.5772671 1.6851750 1.5164058 1.6010433 1.5349671 1.7061636 1.8948959 1.7843348 1.8039146 1.8918712 1.8268703 1.2799884 1.2147317 1.1427282 1.1789369 1.0744313 1.3674418 1.6216712 1.4817128 1.3992798 1.5388950 1.4182665 1.5269326 1.6866501 1.8282841 1.9078262 2.0133908 1.7374302 1.9801433 1.5961797 1.6378214 1.6048662 1.6716283 1.6558974 1.4597613 1.5773024 1.7040906 1.4857408 1.3799597 1.3917860 1.5035869 1.4833313 1.4950870 1.4459375 2.0901027 1.6185466 2.0532467 2.1729553 1.9311971 2.6334085 2.0706499 2.0715992 2.0852299 2.2537315 2.3646202 2.0821230 2.0610623 2.2759938 1.9936808 2.0151760 1.9590980 1.5357835 1.6982338 1.6544675 1.6487242 1.5337451 1.6800443 1.5931164 1.8789330 2.3484376 2.0677093 2.1041517 1.5611482 1.7671243 1.7091694 1.6793730 1.6295052 1.7725748 1.6939005 1.8081270 1.7141116 1.5565825 1.4940041 1.5829683 1.5629466 1.5558295 1.6698704 1.5494212 1.8483226 1.6703754 1.8200371 1.7964964 1.8249822 1.8272210 1.9401797 1.6988394 1.6886392 1.7413343 1.4534661 1.8013658 1.6968385 1.9670289 2.4751780 1.8245026 1.6595649 
Eimebrun                                                                                                                                             1.5577783 1.3556860 1.1705010 1.2486029 0.0000000 0.7324515 1.0372302 0.9280054 1.3470124 1.4892012 1.3981581 1.3003118 1.4225855 1.4392222 1.4022150 1.3803592 1.5013483 1.4081787 1.4136942 1.2641066 1.8480104 1.5513548 1.4671627 1.4786491 1.6590582 1.3801219 1.4619150 1.4576613 1.5112153 1.4965822 1.4129217 1.4240166 1.5083722 1.4283427 1.9978684 2.0884468 2.0088244 1.9033660 1.9533509 2.0616354 2.0192575 2.1838962 1.6011891 1.3677813 1.4250887 1.4596896 1.3822511 1.4886311 1.5628326 1.4629814 1.4988731 1.3788171 1.5672329 1.5255591 1.5068512 1.7325021 1.5974397 1.9495338 1.7970919 1.5903481 0.7954069 0.8082524 0.7147073 0.3440637 1.1524114 1.4201338 1.4176693 1.3837759 1.2936580 1.3845651 1.5196054 1.3360514 1.3835699 1.4782341 1.5163074 1.6042866 1.4267774 1.6821181 1.5618830 1.5028876 1.4107626 1.5120130 1.5074467 1.4388810 1.4629170 1.4715904 1.4524691 1.2473180 1.2546745 1.3768448 1.3446259 1.3772996 1.2875971 1.8356821 1.3180774 1.8576497 1.9249273 1.8152914 2.4614193 1.8431449 1.8103613 1.9404139 1.9357062 2.1709937 1.9152043 1.9374046 2.0267678 1.8423115 1.9983913 1.9534622 1.2142357 1.4690067 1.4318580 1.4408656 1.4083609 1.5544074 1.4323655 1.6822488 2.1757777 2.0583582 2.0343928 1.4316835 1.6762604 1.8018408 1.6801464 1.6900128 1.7259511 1.6796080 1.3495346 1.6797434 1.4917124 1.4674831 1.5825487 1.2781170 1.4998082 1.3450584 1.5989198 1.6761618 1.7369854 1.5998033 1.7471192 1.6488323 1.6139249 1.8030636 1.6746139 1.5077926 1.6079287 1.1892896 1.9821715 1.7536669 1.8271879 3.2544543 1.8030147 1.7910611 
Vitrbras                                                                                                                                             1.5976282 1.3515103 1.0995644 1.1452188 0.7324515 0.0000000 0.9657339 0.8557083 1.3994871 1.4234913 1.3607763 1.3031548 1.5309371 1.3718201 1.2969547 1.3623061 1.4868449 1.3902202 1.3402297 1.2168553 1.6607115 1.4723097 1.4062902 1.4356607 1.7899276 1.3658527 1.3793540 1.4785497 1.5860155 1.4972688 1.4943978 1.4627366 1.5916831 1.5332184 2.0622016 2.0632690 2.1159789 1.9536777 1.9302040 2.0788745 2.1395511 2.1823590 1.6659877 1.4294815 1.5479829 1.5105252 1.4048897 1.3693108 1.5151708 1.4259027 1.5706911 1.3184117 1.5290026 1.6651295 1.5097601 1.6677555 1.6474536 1.9574895 1.7528411 1.6478406 0.6885461 0.4514429 0.5121810 0.6293118 0.9493108 1.3709406 1.4558512 1.4129720 1.3614514 1.4018695 1.4537500 1.2944664 1.4674874 1.5417137 1.5950851 1.5945483 1.4394709 1.5423497 1.5438616 1.4948106 1.4856790 1.5210064 1.5582294 1.3677348 1.3908891 1.4773041 1.3784240 1.2397324 1.2811655 1.4005396 1.3045772 1.4349804 1.3862497 1.9629206 1.3122015 1.8632398 1.9689027 1.8259165 2.4767199 1.9396190 1.9316289 1.9445479 2.0601255 2.2350949 2.0497510 2.0463394 2.2049378 1.9858850 1.9695587 2.0018476 1.2590582 1.5204405 1.5338454 1.5159217 1.3968865 1.5480497 1.4245808 1.7271679 2.1410981 1.9842655 2.0473949 1.4449248 1.6762570 1.8251418 1.7171856 1.6641572 1.8536208 1.7570802 1.4784155 1.7797340 1.5430495 1.4644902 1.6905911 1.4302753 1.5252587 1.4401454 1.5284592 1.6404646 1.7417725 1.6268609 1.7630746 1.6253064 1.5665505 1.7704550 1.6392026 1.4290391 1.6241292 1.2253840 1.8998411 1.7270611 1.8859334 3.5124014 1.8998692 1.8577506 
Colpangu                                                                                                                                             1.5675705 1.4067826 1.3113925 1.3356660 1.0372302 0.9657339 0.0000000 1.1584951 1.4052823 1.5068935 1.4999977 1.3722458 1.4880219 1.5600557 1.4923667 1.4799274 1.5197214 1.5218800 1.4694548 1.3427101 1.8503927 1.5814775 1.4631370 1.4719320 1.7564700 1.5167222 1.5902161 1.5793250 1.6454081 1.6176345 1.5458808 1.4500104 1.6815300 1.6059382 1.9662636 2.1164568 2.1084470 2.0423628 2.0000594 2.0759376 2.1783256 2.0398947 1.5686643 1.3032512 1.4351558 1.4597738 1.4001989 1.4801084 1.5628880 1.3927454 1.5858027 1.3712029 1.6673848 1.7201107 1.4421848 1.7749733 1.6733142 1.9747583 1.8879254 1.7241221 0.9857435 1.0351464 0.8835352 0.9281466 1.5127496 1.4513287 1.5286191 1.4886751 1.3248497 1.5162592 1.5934984 1.3864248 1.5241417 1.6416450 1.6751865 1.6994143 1.5307902 1.6329227 1.6304476 1.5548073 1.5524419 1.4512015 1.5505120 1.4512328 1.4678177 1.6805098 1.4707354 1.2987738 1.2790252 1.4218405 1.4386058 1.4841951 1.5031828 2.0588460 1.3673099 2.0109608 2.0304107 1.9598585 2.5420934 2.0830462 1.9977255 2.0424982 2.1002407 2.1738562 1.9586539 2.1396285 2.1312221 1.9368602 2.0810530 2.1058108 1.2531051 1.4602144 1.5113487 1.3770324 1.5060246 1.5208447 1.3934548 1.6714994 2.0684872 1.9499109 2.0791165 1.5153999 1.7444289 1.9594552 1.7028180 1.7021555 1.7900748 1.7532463 1.4092604 1.8394545 1.5390280 1.6666046 1.7551024 1.4405858 1.4977196 1.4387490 1.5926796 1.7095480 1.7902976 1.6638672 1.7570724 1.6014421 1.6742673 1.6981450 1.6652323 1.4333557 1.5499856 1.3572055 2.0791118 1.7377068 1.9375450 3.0862109 1.8896662 1.8202264 
Gregniph                                                                                                                                             1.5757965 1.4194411 1.1623295 1.4273116 0.9280054 0.8557083 1.1584951 0.0000000 1.4954492 1.5990471 1.5007329 1.3823715 1.5985891 1.4726386 1.4867479 1.3550407 1.5324170 1.4690939 1.4567093 1.2796879 1.7792015 1.5059346 1.4611598 1.4607432 1.7911874 1.4505678 1.5024694 1.4631616 1.5718496 1.5470430 1.4961597 1.6261685 1.5258672 1.4518134 1.9705773 2.0217492 2.1132269 1.9366580 2.0213299 2.1153532 2.1537700 1.9623247 1.6115544 1.3904283 1.4908015 1.5216146 1.2721837 1.4280851 1.5021832 1.4011038 1.4937054 1.3340907 1.6346553 1.6921908 1.4917272 1.6783612 1.7175150 1.9222879 1.7670453 1.6001817 0.7843189 0.9555407 0.8767778 0.7969266 1.2852367 1.5558888 1.6062969 1.5918091 1.3927971 1.4484255 1.4840757 1.3960348 1.5766931 1.6088769 1.6512147 1.5950787 1.4271115 1.6595064 1.5572276 1.5773175 1.4105682 1.4925668 1.5427657 1.3691627 1.3751637 1.5029213 1.4244520 1.1970845 1.1960751 1.2976982 1.3774906 1.4335408 1.4117394 1.9726600 1.3583162 1.9925010 2.0550038 1.9348579 2.5886957 1.9797732 2.0569856 2.0674575 2.0594169 2.2627207 1.9800219 1.9617510 2.0566689 1.9848455 2.0176931 2.0397657 1.2024853 1.5250420 1.5274831 1.4505740 1.4641632 1.4854772 1.4010774 1.6905913 2.1826146 1.9911196 2.0811703 1.5028365 1.6466572 1.8197549 1.7734107 1.8216522 1.8505469 1.7225325 1.4851601 1.7517130 1.6068647 1.4490332 1.6030879 1.4668796 1.6004366 1.4073660 1.6126113 1.8335625 1.9179672 1.5638890 1.7415365 1.4924559 1.4946911 1.7164444 1.6159023 1.3936740 1.5807049 1.2629683 2.0516342 1.7488458 1.8746021 3.6605053 1.9457631 1.9443695 
Guilthet                                                                                                                                             1.3699046 1.4218387 1.4781851 1.3578051 1.3470124 1.3994871 1.4052823 1.4954492 0.0000000 0.3382274 0.3507629 1.2861306 1.5895194 1.6264748 1.5682265 1.5456283 1.4031839 1.6076177 1.4738436 1.5285319 1.5361787 1.3684642 1.3898420 1.3734959 1.7972922 1.3412182 1.2033033 1.2704318 1.3227027 1.4019223 1.4327614 1.3436741 1.3940085 1.4173167 1.8648881 1.9465621 1.9462296 1.7903056 1.7709177 1.9204065 2.0356869 1.9015945 1.7775666 1.2260951 1.3318439 1.4444320 1.2970348 1.3246624 1.4329490 1.3974600 1.6082813 1.3047239 1.4606787 1.5084141 1.3853680 1.6040727 1.5921743 1.8071646 1.6621300 1.6086741 1.3126536 1.3620653 1.2874855 1.2743108 1.3742664 0.3915267 0.3474526 0.2913974 1.3556691 1.4289008 1.4255520 1.4215621 1.4415903 1.3864858 1.5458914 1.6288687 1.2739745 1.4098086 1.3504273 1.4537220 1.4254319 1.4328596 1.3793592 1.3892186 1.3075347 1.3807902 1.3841859 1.2054906 1.1923881 1.2890794 1.3477882 1.3217058 1.3168223 1.8450668 1.4216688 1.8353641 1.8814030 1.7242086 2.4324401 1.8129822 1.8288188 1.8996928 1.7662202 2.0764989 1.8688223 1.8630488 1.8815305 1.7912402 1.9566432 1.8105243 1.3749916 1.4925553 1.3235610 1.3830536 1.3712611 1.3897411 1.3999891 1.6626534 1.9627966 1.7706071 1.7989210 1.3664099 1.3338254 1.6651342 1.4257499 1.5612691 1.6197611 1.5882580 1.4829121 1.4618966 1.3382271 1.2896730 1.4090612 1.4268263 1.3651214 1.3929905 1.4625454 1.7034470 1.5762225 1.4652454 1.5702284 1.5880049 1.6108977 1.7235093 1.6104361 1.3184062 1.4362382 1.2461694 1.5922156 1.6321266 1.5794997 2.9237937 1.6695662 1.6616669 
Gemicryo                                                                                                                                             1.3786899 1.4350460 1.5620758 1.5217484 1.4892012 1.4234913 1.5068935 1.5990471 0.3382274 0.0000000 0.4846283 1.3299327 1.6068755 1.7602606 1.6705995 1.5189577 1.4777454 1.6980498 1.5189300 1.4849992 1.5028361 1.4580795 1.4614053 1.5103663 1.8083000 1.5317084 1.4755300 1.4539902 1.5072119 1.5477450 1.5671249 1.4511388 1.4993871 1.6163513 1.9071356 2.0591284 1.9954163 1.8691248 1.8693234 1.9590224 2.0272890 1.9537128 1.7738928 1.3312185 1.4119097 1.4835182 1.3463707 1.3487546 1.4532548 1.4596383 1.6480462 1.3494509 1.5124413 1.5454941 1.4586487 1.6450886 1.6276613 1.8307249 1.7587225 1.6221608 1.4122782 1.4706155 1.3997645 1.4315968 1.4550852 0.5639521 0.4018076 0.4236310 1.4093892 1.4623192 1.4249599 1.4496261 1.4550266 1.5120116 1.6959371 1.6710252 1.4460866 1.5301374 1.3658393 1.6148788 1.4951584 1.4918113 1.4284135 1.3673131 1.3200761 1.5422120 1.3644328 1.2253057 1.2524431 1.3050185 1.3429604 1.3415865 1.3268921 1.9046445 1.3727308 1.8467434 1.9692101 1.7248717 2.4972876 1.8847435 1.8972334 1.9375623 1.8483701 2.0253883 1.9437509 1.8866530 2.0383342 1.8942731 2.0744496 1.9457125 1.3852056 1.5090857 1.4496279 1.4207362 1.3664900 1.4550175 1.4781587 1.7641122 1.9061908 1.8565386 1.8735975 1.4195800 1.3616509 1.7591053 1.3651248 1.6595555 1.6184570 1.5751493 1.4850205 1.5005850 1.4207286 1.3341156 1.4525532 1.4252739 1.4340049 1.4329108 1.4981045 1.8244664 1.6499099 1.6290222 1.7054137 1.6522195 1.6594727 1.7935639 1.6474228 1.4244917 1.5223429 1.3091582 1.6340540 1.6536487 1.7475338 3.5971760 1.8301791 1.8948218 
Hemirufe                                                                                                                                             1.3830809 1.3499437 1.4643396 1.4754697 1.3981581 1.3607763 1.4999977 1.5007329 0.3507629 0.4846283 0.0000000 1.3552959 1.5964378 1.7441320 1.5635027 1.4827647 1.4391255 1.5592167 1.5370221 1.4727482 1.4419053 1.4372894 1.4445347 1.4932209 1.7917382 1.4614035 1.4608680 1.4384768 1.4502805 1.5270691 1.5233319 1.3834787 1.5066316 1.5635340 1.9541001 2.0111681 2.0057583 1.7205654 1.7541156 1.9077745 1.9965490 1.8766639 1.7248242 1.2358632 1.3597510 1.4649205 1.2516974 1.2962116 1.3984287 1.4011666 1.5368269 1.2603361 1.4285580 1.4851594 1.3743460 1.5766254 1.5600683 1.7607608 1.6463388 1.5964445 1.3195805 1.3357481 1.2955187 1.3542650 1.4299323 0.4070370 0.4590832 0.4191936 1.4168392 1.3816760 1.3498798 1.4067687 1.3595175 1.4557175 1.5445971 1.6541721 1.4283543 1.5142485 1.3443217 1.4681931 1.3307740 1.4147815 1.3507800 1.2880219 1.2839212 1.4451479 1.3180153 1.1578756 1.1621971 1.2532237 1.2852071 1.2653957 1.2606237 1.9038221 1.4593487 1.8238875 1.9299049 1.6959080 2.4366677 1.8670653 1.8596551 1.8721589 1.8268144 2.0150216 1.9063118 1.8382315 1.8719890 1.8306113 1.9313332 1.8291994 1.3049105 1.4958046 1.3286186 1.3543963 1.3619415 1.3743312 1.4263591 1.7138974 1.9404470 1.7845558 1.7458856 1.3142053 1.3609795 1.6235461 1.4087490 1.5447040 1.6109711 1.5922824 1.4136786 1.4241230 1.3480826 1.2462324 1.4213467 1.3683903 1.3084168 1.3602146 1.3880357 1.6383940 1.5527866 1.4790590 1.5693441 1.5006103 1.5278546 1.6606533 1.5326442 1.3060573 1.4517558 1.1931330 1.6339441 1.5389954 1.6360077 3.3119143 1.7413961 1.7865532 
BicoCB20                                                                                                                                             1.5545780 1.0090587 1.4691859 1.5619517 1.3003118 1.3031548 1.3722458 1.3823715 1.2861306 1.3299327 1.3552959 0.0000000 1.2282525 1.3419089 1.3799281 1.2470337 1.3409962 1.2502537 1.2703210 1.1927622 1.4011409 1.2790215 1.2319312 1.2148075 1.7272100 1.3590744 1.4808969 1.3624623 1.3478867 1.4091178 1.3629268 1.3097087 1.3274462 1.3614489 1.9178071 1.8544206 1.8201748 1.7326854 1.7525424 1.9480175 1.8148923 1.8544422 1.3424167 1.2195894 1.2415518 1.4468403 1.2520364 1.4134604 1.2740597 1.2346230 1.2665046 1.2349968 1.3071172 1.4265524 1.3842285 1.5295429 1.4048219 1.6931580 1.4524966 1.4913402 1.3006361 1.3772671 1.3233186 1.2340680 1.5255280 1.3173906 1.3591673 1.3697819 1.0970797 0.9535382 1.0019509 0.8821799 1.0973005 1.3857533 1.3903899 1.4974917 1.3426529 1.4287012 1.3983478 1.2638494 1.2872427 1.3641808 1.3554685 1.3495234 1.3311970 1.3717672 1.2523353 1.1635207 1.1381606 1.2385922 1.2676566 1.2813343 1.3329614 1.7174567 1.2661125 1.6851926 1.8899297 1.5966903 2.3646377 1.7604852 1.6751953 1.7491991 1.7794159 1.8545643 1.7228051 1.7291521 1.9122184 1.7137045 1.8047172 1.7401526 1.0834327 1.3227487 1.2923208 1.2841640 1.3750473 1.2319614 1.2613433 1.4854707 1.8634002 1.8691591 1.8090640 1.2029540 1.4029326 1.4860844 1.4658086 1.4174891 1.5037133 1.4991420 1.2637159 1.4084210 1.2819780 1.3423663 1.3257183 1.2253438 1.2721236 1.3690521 1.2725678 1.4999160 1.5109845 1.4710804 1.5741453 1.4955231 1.5413120 1.6730389 1.5753767 1.4265942 1.4471770 1.2099767 1.6661840 1.5085966 1.6056794 2.9004265 1.6499078 1.5390978 
Stroincl                                                                                                                                             1.7389768 1.3738824 1.6261103 1.7381719 1.4225855 1.5309371 1.4880219 1.5985891 1.5895194 1.6068755 1.5964378 1.2282525 0.0000000 0.6712377 1.1931921 1.1766051 1.2955347 1.1320509 1.0446439 1.1584148 1.3949610 1.5252534 1.4909812 1.5524188 1.7049673 1.5067374 1.5683511 1.4950244 1.5849427 1.5540859 1.6316576 1.5705795 1.4825537 1.7202331 1.9165778 1.8040777 1.9046546 1.8437445 1.7886013 1.9080034 2.0221442 2.0010336 1.5222271 1.2219218 1.5062768 1.5235664 1.3722280 1.4157484 1.2766473 1.2859414 1.4264811 1.4015125 1.4068693 1.6210315 1.4491243 1.6784457 1.8394836 1.7345303 1.7969350 1.6201811 1.3995650 1.5342698 1.4863994 1.4603462 1.7930273 1.5982147 1.5967218 1.5767121 1.3411511 1.3065723 1.2150232 1.2474490 1.3509762 1.5142004 1.5397256 1.6336192 1.5195073 1.5257928 1.4198474 1.4905244 1.2966600 1.4689741 1.4707174 1.3613181 1.4733114 1.4939686 1.3433141 1.2457965 1.2637075 1.3679506 1.3872552 1.3423801 1.4132926 1.9904449 1.4312826 1.8670071 1.8471728 1.9639040 2.6440810 1.9305553 1.8531683 1.8580928 1.8634190 1.8245306 1.8591987 1.8618445 1.9147115 1.8160918 1.8074228 1.6829819 1.3602850 1.3060042 1.3288954 1.3215470 1.5090033 1.2240958 1.3081853 1.6852811 1.8515083 1.8438328 1.8884353 1.4191962 1.7148184 1.7495342 1.6561335 1.6141078 1.6631759 1.6573379 1.4815312 1.6103987 1.4433233 1.5328957 1.5331008 1.6251054 1.4331253 1.4551164 1.3946074 1.7335732 1.5253599 1.6704629 1.5299963 1.5160352 1.5716073 1.6698363 1.6160281 1.4381953 1.5214800 1.3966546 1.7357996 1.6180684 1.6492817 9.0000000 1.6431129 1.3653501 
Styllemn                                                                                                                                             1.6813511 1.2925129 1.5808902 1.8341893 1.4392222 1.3718201 1.5600557 1.4726386 1.6264748 1.7602606 1.7441320 1.3419089 0.6712377 0.0000000 1.1280285 0.9981905 1.2103207 1.0807703 1.0667262 0.9978946 1.4087501 1.5066990 1.6102959 1.5530630 1.6813011 1.4603585 1.7188984 1.4609930 1.5355462 1.6549247 1.6079930 1.5732708 1.6189179 1.7079572 1.8472221 1.8199626 1.9193305 1.6966774 1.7615526 1.8572069 1.8431727 1.9354701 1.4072731 1.3196179 1.4997365 1.6398497 1.4630923 1.5771812 1.3133178 1.3493825 1.4563518 1.3397586 1.4345748 1.7810715 1.4173243 1.5063857 1.5467867 1.6332918 1.6231613 1.5604577 1.3805942 1.4033038 1.3223127 1.3693979 1.5298459 1.7540310 1.8028975 1.7826016 1.3512970 1.4227902 1.2632903 1.4040071 1.4820627 1.6503751 1.6250381 1.8057441 1.4917333 1.7193340 1.3575284 1.4869657 1.4216281 1.6076923 1.5181599 1.4830898 1.5275015 1.7238002 1.5205723 1.2900307 1.3108108 1.4384212 1.5224487 1.3909375 1.4164114 1.8250556 1.2140358 1.7516691 1.8625821 1.6999881 2.3319334 1.8070785 1.8020200 1.8074328 1.8979275 1.8848447 1.7542891 1.9152840 1.9387005 1.8269906 1.7173986 1.6007292 1.2143899 1.4035831 1.4085524 1.4418779 1.3123371 1.3493698 1.3440447 1.5873114 1.9218041 1.8314939 1.9134287 1.3969003 1.6717094 1.7069946 1.6515238 1.5196995 1.5993736 1.6710125 1.4227438 1.5235714 1.4034061 1.4059545 1.4634875 1.4775808 1.4672710 1.4881918 1.4372793 1.5137167 1.5790321 1.6348725 1.5882184 1.4255908 1.4540373 1.5386216 1.5512905 1.3292163 1.5158966 1.2446806 1.6858347 1.6761235 1.7850004 3.3006866 1.7607935 1.6272808 
Stencoer                                                                                                                                             1.6712575 1.3412594 1.4845449 1.5076140 1.4022150 1.2969547 1.4923667 1.4867479 1.5682265 1.6705995 1.5635027 1.3799281 1.1931921 1.1280285 0.0000000 1.0704676 1.2526088 1.1674278 1.2137728 1.0668953 1.8347581 1.6483310 1.5564157 1.6342529 1.5856791 1.4253878 1.3139374 1.4700627 1.5141827 1.5318825 1.4303538 1.5079977 1.5443467 1.4401087 2.0895518 2.0530944 2.1214394 1.9784520 1.8986980 2.1260683 2.0922932 1.9998184 1.5001811 1.3902045 1.4829170 1.5897080 1.4882692 1.5868728 1.4020919 1.4265236 1.5304332 1.4072679 1.5383606 1.8614756 1.5200649 1.5848366 1.6342534 1.8934379 1.5828290 1.5578033 1.3662473 1.3674004 1.2799342 1.2290145 1.6627111 1.5901672 1.6650520 1.5928015 1.3871466 1.4408419 1.5511853 1.3967887 1.3627355 1.4664881 1.4663219 1.5892318 1.5061087 1.5426082 1.6101662 1.5749308 1.4664125 1.6164909 1.4757661 1.4985268 1.5331141 1.5917294 1.5202567 1.3648769 1.4161136 1.4898141 1.4558571 1.4971865 1.6114680 1.9348991 1.2839313 1.9621393 2.0420844 1.8828231 2.5002366 1.9221182 1.9101317 1.9572622 1.8637895 2.1256934 1.8603620 1.9374475 2.1438658 1.9572268 1.9852451 1.9660817 1.2955186 1.4554780 1.4568082 1.4558045 1.4459788 1.4960984 1.4256212 1.6180554 2.0533365 2.0171619 2.0411144 1.4760874 1.6775139 1.8129419 1.5724501 1.6883017 1.6719136 1.6884913 1.3224449 1.7593839 1.6263193 1.5935709 1.6732772 1.3750258 1.5211375 1.3500952 1.6261651 1.6329869 1.6578647 1.6415159 1.8014720 1.5559647 1.5335613 1.5971170 1.6130876 1.4630712 1.6132445 1.3517618 1.8784546 1.8397800 1.9779118 3.8263395 1.9209091 1.8138242 
Protadhe                                                                                                                                             1.7059740 1.2829809 1.5099379 1.5517194 1.3803592 1.3623061 1.4799274 1.3550407 1.5456283 1.5189577 1.4827647 1.2470337 1.1766051 0.9981905 1.0704676 0.0000000 1.2525040 1.0669304 1.1539000 1.0183008 1.5255879 1.4987609 1.3724084 1.4460958 1.5211009 1.3666392 1.3962744 1.3856292 1.4532193 1.4320150 1.3517606 1.4134584 1.3749303 1.3535351 1.8174163 1.9694063 1.8876587 1.7457418 1.7242587 1.9963346 1.9704094 2.0140852 1.3972087 1.3108117 1.4191568 1.5476218 1.3699602 1.4968668 1.2396125 1.3278737 1.3757385 1.2422032 1.4584646 1.5381007 1.3592337 1.5068049 1.5636042 1.8110891 1.6239036 1.5066828 1.3248679 1.4256107 1.2531451 1.1937961 1.7315017 1.5322473 1.5853604 1.5191902 1.3143843 1.3184548 1.3321985 1.2273447 1.4005138 1.4668125 1.4189930 1.6023341 1.3790512 1.4599729 1.4768108 1.4346110 1.3565540 1.4632854 1.4895181 1.5473712 1.4608171 1.5074430 1.4618616 1.2546083 1.2997038 1.3935561 1.3444093 1.3650464 1.4132754 1.8810361 1.4147910 1.8467584 1.9938987 1.8874223 2.5089640 1.9055546 1.8560468 1.9517284 1.8878584 1.9235642 1.8220836 1.7458290 1.9111031 1.7879905 1.8860736 1.8825929 1.0701445 1.3246920 1.3453198 1.3177233 1.2798330 1.2538879 1.2442201 1.4679440 1.9918228 1.9506856 1.9693961 1.3175925 1.5288953 1.7905039 1.5098832 1.5056578 1.5886106 1.6046820 1.3313478 1.6206899 1.4846170 1.4392210 1.5190800 1.2892020 1.3531205 1.3317953 1.4317464 1.4973573 1.5947845 1.4829925 1.5518223 1.3548532 1.4617030 1.5930066 1.5241694 1.3962024 1.3702965 1.1796502 1.8944661 1.5604722 1.7415573 3.1289201 1.7429688 1.5833765 
Paratetr                                                                                                                                             1.7328931 1.4084287 1.6188939 1.6276308 1.5013483 1.4868449 1.5197214 1.5324170 1.4031839 1.4777454 1.4391255 1.3409962 1.2955347 1.2103207 1.2526088 1.2525040 0.0000000 0.8510388 0.8192091 0.9655082 1.4260256 1.3882829 1.3836005 1.4257539 1.4908815 1.4826704 1.4905943 1.4957942 1.5772266 1.5623924 1.4551082 1.5550267 1.4463219 1.5307097 1.9582135 1.9909561 1.9357791 1.7004388 1.7612561 2.0026932 2.0158394 2.0758077 1.4258052 1.3103098 1.4645301 1.5504537 1.4191735 1.5016528 1.4086222 1.3563009 1.4990835 1.3060987 1.4115130 1.4307884 1.4787900 1.5710570 1.6045326 1.7188560 1.4093161 1.4524565 1.3856731 1.5158835 1.4219543 1.3522147 1.7225679 1.3882528 1.5752211 1.4232650 1.4372089 1.4616687 1.3706501 1.3041291 1.4956476 1.5625178 1.6286140 1.5854119 1.4755418 1.5301016 1.4904816 1.3996080 1.4243041 1.4765145 1.4502975 1.5710256 1.4484341 1.5234760 1.5358610 1.3392770 1.3713154 1.3887306 1.4156684 1.4173147 1.4384150 1.8680935 1.3733280 1.8829421 1.9429068 1.8486226 2.2968628 1.8310629 1.8693494 1.8676307 1.8730872 1.9176842 1.9836794 1.8728966 1.9013041 1.8858329 1.9554572 1.9068213 1.2900171 1.4520108 1.4093462 1.3570516 1.3108099 1.3789598 1.3917191 1.6244137 2.1119579 1.9531018 1.8279077 1.3364140 1.4758282 1.6398827 1.5034524 1.5585271 1.5620369 1.5960020 1.2195758 1.4723670 1.3520607 1.3258965 1.4030605 1.3126667 1.3724943 1.3094833 1.4155470 1.3668758 1.5380764 1.5990211 1.6405967 1.5900992 1.5391028 1.6003863 1.6224927 1.4213523 1.6193831 1.3535092 1.6750580 1.5677008 1.7259987 3.5907845 1.7755062 1.7337806 
Tetrther                                                                                                                                             1.7077913 1.2005068 1.4881921 1.6378030 1.4081787 1.3902202 1.5218800 1.4690939 1.6076177 1.6980498 1.5592167 1.2502537 1.1320509 1.0807703 1.1674278 1.0669304 0.8510388 0.0000000 0.3913831 0.8880066 1.3687849 1.4323276 1.3567689 1.4652856 1.5559324 1.2685746 1.4603463 1.3770540 1.4594621 1.4163428 1.3583361 1.4663636 1.3804442 1.4106958 1.8677147 1.8336544 1.8523405 1.7324601 1.6246798 1.8231948 1.8599393 2.0190620 1.3909164 1.2569669 1.4533980 1.5468954 1.3492928 1.4602897 1.2839320 1.2864273 1.3865662 1.2764471 1.4282617 1.6721187 1.4363857 1.5421786 1.5300949 1.6203393 1.4785357 1.4545817 1.3595952 1.3464915 1.3430138 1.3377599 1.7634445 1.5854854 1.6662986 1.5486897 1.2428541 1.2960332 1.2742577 1.2067586 1.3858478 1.3888356 1.4715369 1.5253819 1.4205083 1.3885115 1.4327509 1.3791459 1.3596109 1.4862228 1.4468843 1.4304926 1.4225107 1.4747507 1.4281477 1.2533578 1.2879516 1.3609031 1.3821501 1.3456718 1.4200034 1.7955324 1.5204293 1.8126074 1.8807818 1.8006354 2.3567984 1.8038684 1.7112961 1.7632904 1.7882605 1.9163117 1.8689101 1.7936778 1.9349754 1.8975300 1.7623687 1.7280038 1.1643449 1.3344982 1.4409904 1.3246807 1.2888048 1.3799491 1.3243034 1.5075635 2.0683286 1.8944129 1.9431101 1.2560963 1.4534201 1.5588914 1.4453923 1.4833527 1.4485488 1.5248728 1.4149874 1.4407237 1.4068788 1.3362368 1.5258340 1.3858009 1.3084442 1.3219394 1.3261647 1.5224940 1.5271260 1.5914345 1.5686841 1.5389225 1.5117403 1.5507047 1.5865370 1.3912315 1.5135509 1.1955069 1.7595594 1.5295802 1.6959311 2.8374114 1.7082223 1.6035330 
Ichtmult                                                                                                                                             1.6265358 1.2614019 1.5174937 1.5592689 1.4136942 1.3402297 1.4694548 1.4567093 1.4738436 1.5189300 1.5370221 1.2703210 1.0446439 1.0667262 1.2137728 1.1539000 0.8192091 0.3913831 0.0000000 0.8798045 1.4061050 1.4642961 1.3802481 1.5394303 1.5757093 1.3524433 1.4978348 1.4381394 1.4842562 1.4858309 1.3955167 1.5007282 1.3045617 1.4874193 1.8614035 1.8746026 1.8499565 1.7464728 1.6682732 1.9164832 1.9711880 2.0306358 1.3993076 1.2710348 1.4622389 1.4687520 1.3621900 1.4507155 1.3366571 1.3037602 1.4626266 1.2432550 1.4051117 1.6238841 1.4415425 1.5518879 1.5827020 1.6115267 1.4908797 1.4801055 1.3254109 1.3992445 1.3368678 1.3419688 1.7050532 1.4852003 1.5294445 1.4382865 1.2988127 1.3767962 1.3032366 1.2151617 1.3916966 1.4740796 1.4404984 1.5494129 1.4687964 1.4052053 1.3590384 1.4504531 1.4475568 1.4525368 1.4600685 1.4764351 1.3855120 1.4448280 1.4197874 1.2822885 1.3080739 1.3724907 1.3497883 1.3118652 1.4351913 1.8633149 1.4441096 1.8290936 1.8501297 1.7016470 2.5025355 1.8962157 1.8205501 1.8489799 1.7946656 1.9551149 1.9171546 1.8714145 1.9568827 1.8579704 1.8520911 1.8549124 1.1775706 1.3126241 1.4681231 1.3080825 1.2748643 1.4102418 1.3261936 1.5072709 1.9468707 1.9212976 1.9406668 1.2978290 1.5303933 1.7486447 1.5582390 1.5338317 1.5508699 1.6090023 1.3557357 1.5006826 1.4428638 1.4153848 1.5896359 1.3770514 1.3819554 1.2881354 1.3652785 1.5537135 1.5096714 1.6342861 1.6755447 1.5272500 1.5425331 1.5712677 1.6283505 1.4547078 1.5424220 1.2657348 1.7682983 1.5955044 1.6503940 3.7271971 1.7545414 1.6389135 
Platmacr                                                                                                                                             1.6211336 1.2312956 1.4172240 1.5510309 1.2641066 1.2168553 1.3427101 1.2796879 1.5285319 1.4849992 1.4727482 1.1927622 1.1584148 0.9978946 1.0668953 1.0183008 0.9655082 0.8880066 0.8798045 0.0000000 1.0755913 1.2103170 1.2148118 1.2687745 1.5349591 1.4385697 1.5461723 1.4381455 1.5923009 1.4881229 1.4200045 1.4398376 1.5164041 1.4363531 1.8128145 1.9237414 1.6649641 1.6238279 1.6073171 1.7950864 1.8811979 2.0310237 1.5241903 1.1964313 1.3073274 1.4811813 1.3339317 1.4689232 1.3672674 1.1936271 1.3354088 1.2025491 1.3287548 1.2624409 1.3787613 1.4839502 1.4672586 1.5251693 1.4684187 1.5227053 1.2704771 1.2299842 1.2014302 1.1832392 1.4604348 1.4961464 1.4802259 1.4668010 1.2236211 1.3018161 1.1834838 1.1370735 1.2455383 1.5146924 1.5076814 1.5883304 1.4295236 1.4640526 1.3700015 1.4591949 1.3056372 1.4900283 1.4109522 1.4074861 1.4283622 1.3856718 1.4096958 1.2624706 1.2790045 1.3719766 1.3005605 1.2211190 1.2868033 1.7536315 1.3861978 1.7519385 1.8819101 1.8309507 2.2980966 1.7609889 1.6781826 1.7003222 1.7489584 1.8783948 1.7007592 1.6997275 1.8575888 1.6749580 1.8076089 1.8475555 1.0311064 1.2340153 1.2967587 1.2196116 1.3139407 1.2922087 1.1844744 1.5387888 2.1043826 1.8895122 1.9044225 1.3003468 1.5128204 1.4604247 1.4425625 1.3914684 1.4888869 1.4580398 1.2970062 1.3915737 1.2927585 1.1949379 1.2875729 1.3356976 1.3306627 1.3817443 1.2904432 1.4952459 1.4277626 1.5140374 1.7319597 1.5273193 1.3620357 1.4205411 1.4962027 1.4262415 1.4075091 1.1992180 1.6120301 1.5373394 1.7616719 4.1235599 1.6747575 1.4921566 
Rainerin                                                                                                                                             1.1002241 1.2586021 1.7743659 1.5227050 1.8480104 1.6607115 1.8503927 1.7792015 1.5361787 1.5028361 1.4419053 1.4011409 1.3949610 1.4087501 1.8347581 1.5255879 1.4260256 1.3687849 1.4061050 1.0755913 0.0000000 0.8099600 0.7515949 0.9293743 1.9043251 1.2782422 0.9199043 1.3392497 1.2498583 1.2669634 1.1701454 1.1602293 1.2107194 1.2200540 1.6002706 1.6196866 1.5908140 1.6278956 1.4645537 1.6756546 1.8144546 1.8163059 1.1401869 1.4072728 1.3620959 1.4023465 1.2929661 1.5248690 1.3697289 1.3296170 1.3474349 1.2878635 1.3588412 1.4187847 1.3179366 1.3945201 1.2603605 1.8143391 1.3315195 1.4256750 1.5812224 1.8226477 1.6505720 1.4950303 1.9802149 1.4053434 1.6026988 1.4951777 1.3791686 1.4812528 1.4985159 1.3455460 1.4781311 1.2958992 1.3298278 1.3234586 1.2620735 1.2528921 1.3008305 1.3443106 1.4523108 1.4851014 1.4462428 1.3226332 1.5107480 1.3690267 1.2999324 1.2187449 1.2582554 1.3193832 1.3870001 1.3928246 1.4602048 1.7285622 0.9620091 1.6654178 1.6226896 1.4892969 2.1476836 1.7329022 1.5637668 1.6154511 1.5334983 1.6462046 1.6282229 1.5910670 1.7009016 1.5984645 1.5902799 1.4050336 1.4677038 1.5092224 1.4370509 1.3827928 1.2775589 1.2345124 1.3470702 1.2718534 1.6177197 1.8112228 1.7409562 1.2905669 1.5267641 1.8964724 1.7006804 1.4707190 1.5179698 1.5568802 1.1341239 1.4747998 1.4441478 1.5701338 1.4418732 1.0572153 1.3552710 1.1951646 1.3879117 1.7619794 1.7429929 1.2713755 1.4573168 1.3446530 1.3743267 1.4863255 1.2450733 1.4428237 1.3704064 1.0786523 1.9504517 1.7181482 1.2459222 2.9684059 1.5686379 1.5686379 
Raphhete                                                                                                                                             1.4166639 1.3178267 1.5143988 1.5870931 1.5513548 1.4723097 1.5814775 1.5059346 1.3684642 1.4580795 1.4372894 1.2790215 1.5252534 1.5066990 1.6483310 1.4987609 1.3882829 1.4323276 1.4642961 1.2103170 0.8099600 0.0000000 0.5787046 0.6901205 1.5820794 1.3612324 1.3350995 1.3034417 1.3564944 1.2779620 1.2549407 1.3059790 1.3816178 1.3649789 1.9073872 1.8428324 1.8704657 1.7024856 1.7496433 1.8921981 1.8414753 1.8498756 1.2495839 1.2224313 1.3343576 1.3942014 1.1551244 1.3634966 1.2290921 1.1310339 1.1959705 1.1412930 1.3857902 1.5393325 1.3406579 1.4930764 1.4313845 1.9443988 1.3186128 1.3498733 1.3768027 1.5802118 1.4679231 1.3049218 2.1384036 1.4170571 1.4814080 1.4765818 1.3180163 1.3004276 1.3876727 1.3796016 1.4076282 1.3969933 1.4124303 1.3732639 1.3474399 1.4384256 1.3066994 1.4395476 1.2942449 1.4025842 1.4042625 1.3227359 1.2924342 1.4637146 1.2220139 1.1060357 1.0898335 1.1944604 1.2774416 1.3539133 1.4121078 1.7931758 1.1625584 1.8402004 1.7714808 1.7053907 2.2841883 1.7858847 1.7885829 1.7835987 1.7874368 1.9345828 1.7991823 1.7145619 1.9935112 1.6874267 1.8216043 1.7065747 0.9644013 1.4186554 1.3575216 1.2443460 1.1427577 1.2172808 1.1624180 1.4807892 1.8963203 1.8311971 1.8191401 1.1434174 1.5323943 1.7359031 1.6565238 1.5172350 1.5578772 1.5320382 1.2145919 1.4929060 1.4136875 1.3899486 1.4717142 1.2055549 1.3282030 1.2669418 1.3244307 1.4713895 1.6983115 1.4436548 1.5131749 1.5193080 1.6119544 1.6364387 1.4844569 1.3161915 1.2978114 1.0442948 1.9542076 1.5972371 1.5772178 3.7601855 1.7539145 1.7753887 
AcanthFB                                                                                                                                             1.4182714 1.1792821 1.5217282 1.7436401 1.4671627 1.4062902 1.4631370 1.4611598 1.3898420 1.4614053 1.4445347 1.2319312 1.4909812 1.6102959 1.5564157 1.3724084 1.3836005 1.3567689 1.3802481 1.2148118 0.7515949 0.5787046 0.0000000 0.6441917 1.5576434 1.5004298 1.5354267 1.4323814 1.5063410 1.4218119 1.3833948 1.4064552 1.4524508 1.5622549 1.8679629 1.8586152 1.8137306 1.7031306 1.6318782 1.8309158 1.7972348 1.8670712 1.3593671 1.1907663 1.3222718 1.4348899 1.2181166 1.3989398 1.1873375 1.1097849 1.1874965 1.1928898 1.2489929 1.3413481 1.4081502 1.4669393 1.3497725 1.7839302 1.3807635 1.3636743 1.4127770 1.4086098 1.3929414 1.3706420 1.7821785 1.3929044 1.5687529 1.4652589 1.2205896 1.1795412 1.1330911 1.2714725 1.4084763 1.4809190 1.4694996 1.4880662 1.4413788 1.5344340 1.2588376 1.3255194 1.2762867 1.4120146 1.4194229 1.3267491 1.3348775 1.5359578 1.2525501 1.1276617 1.1426498 1.2167726 1.2889012 1.2068905 1.2885294 1.7875479 1.1909601 1.8463653 1.8710206 1.7126253 2.3368385 1.7257911 1.7000674 1.7429284 1.8415244 1.8077766 1.7566955 1.7166716 1.9772429 1.7491973 1.8384294 1.7166631 0.9423130 1.4267848 1.3631076 1.2497456 1.1072754 1.1668275 1.1826915 1.5044160 1.7539457 1.8935367 1.8142140 1.1180481 1.5303783 1.5294385 1.5207735 1.3375714 1.4016959 1.4825856 1.2333935 1.3411958 1.3041426 1.2156598 1.3747969 1.2529932 1.2509246 1.1989439 1.2202654 1.4720483 1.5254629 1.4483039 1.4748096 1.4477842 1.5345291 1.6190597 1.4835066 1.3375600 1.3710424 1.0583086 1.7104313 1.4769733 1.4593017 3.4874151 1.6362497 1.6304020 
