150
Blasemer                                                                                                                                          0.0000000 2.5031183 1.9006845 1.9033914 2.1538099 1.8080776 1.7468766 1.9565680 2.0547620 1.9617985 2.1515588 2.8703975 2.9789774 2.6631032 3.5803766 2.6251665 2.1347354 2.0306457 1.5995151 2.8935846 2.5117115 1.4352382 2.1090798 2.0631118 2.3311601 2.4344265 1.9788722 0.5840831 0.9420975 1.4400050 1.5447816 1.4272455 1.1339510 2.5591443 2.6204827 1.8297900 2.7625394 2.9608358 3.0099425 1.8949555 1.6774356 1.6902146 2.6366882 3.2872996 1.9490745 2.3119119 1.8999227 3.3489443 1.5756788 1.7869096 2.1254888 2.2086876 2.7079223 2.7720196 3.0147906 2.9263839 2.4128298 2.7808899 2.6505492 3.0245770 2.7340721 3.1658650 2.6011245 2.3849525 2.4909031 2.1381497 2.3765202 2.3869852 2.7927492 3.0678985 2.8472524 2.6345457 1.7965091 1.7893861 1.5469732 2.1260579 3.2121337 2.7308786 2.7414630 2.2176043 2.3429982 2.0113693 2.2358163 1.7119194 2.0777035 2.4127108 1.9459731 1.8321175 1.9456529 1.7115537 1.7858180 1.7506566 1.9220629 1.5635680 1.9094902 2.2449565 2.1770129 2.1460950 1.9899171 1.9426942 2.0784938 1.4508070 1.8676951 1.6764050 1.7882035 1.6673118 1.6942512 2.1978251 2.0973492 2.4839472 2.1027267 1.3751016 1.7149557 2.4855141 2.4641104 2.8482068 2.6419380 2.0708918 2.8886084 2.0310158 1.3904563 1.6692367 1.5483599 1.2235865 1.7579877 2.2233978 2.7165507 1.6656443 2.0868570 1.8223190 1.7396721 1.8487437 1.8251025 1.2388602 1.5090107 1.4751730 1.2187698 1.3664620 1.0233982 1.6671147 1.3642692 1.2361182 1.2499196 0.7064579 0.4191156 0.2078646 0.5671108 2.5094518 1.8404058 0.8211367 
Phytpara                                                                                                                                          2.5031183 0.0000000 1.7234430 1.7321608 1.7018782 2.0956102 2.1831692 2.6351142 2.7213174 3.0360752 2.7596833 3.9293376 3.7550333 4.0137390 3.5806326 4.2936104 2.7687056 2.6930667 1.8527033 3.7183689 3.5550200 2.4353098 3.6977814 3.8229123 3.6143839 3.9558496 3.0578341 2.5425301 2.7069298 3.0269359 2.3048335 2.7264433 2.5623812 3.6840411 2.8657160 2.2389822 2.8309960 2.7900431 3.1114900 1.9116074 1.9074882 2.0902990 3.6569769 4.3416853 1.5593444 1.8704302 1.8065445 3.7250800 1.9154704 2.6121543 2.5475122 1.8863410 1.7631684 1.7349774 1.7536986 2.9235599 1.6000631 1.7523296 2.0870320 1.7461362 1.8882123 1.6509225 1.6291487 1.7756105 1.6093362 1.6065078 1.5261498 1.5138996 1.8439522 1.1933707 0.5795584 3.1494701 2.5216565 2.0851195 2.0156436 2.0524512 3.5503706 3.3665113 2.9572979 2.7268079 2.8272852 3.4609650 3.4077652 2.7198199 2.3705445 3.1067048 2.4111352 2.2661072 1.9829104 2.1731145 2.0304484 2.2231689 1.9891129 1.8818938 1.9486791 2.3209358 2.4074533 2.3952392 2.0946682 2.5681157 2.3261249 2.0180995 2.0724669 2.1198255 2.2183815 2.1255694 2.3265267 2.1751992 2.5778034 2.9549652 3.2845485 2.4966604 2.7585717 2.6450601 3.1598598 3.4281311 3.8442233 2.6371763 4.1194664 3.0592575 2.2054844 2.2416303 2.5256882 2.5603440 2.2915871 2.7039554 3.4041594 2.6218857 2.7988794 2.6762750 2.6909786 3.1967925 2.7640069 2.6230258 2.9944974 2.9969424 2.8790378 2.8332618 2.8847530 3.2757527 2.9847407 3.7931371 3.4825573 2.2546108 2.8468940 2.4503238 2.7904529 3.7399666 2.7347221 3.1464756 
Hemirufe                                                                                                                                          1.9006845 1.7234430 0.0000000 0.6854972 0.5994964 1.2395324 1.4260641 2.8642322 2.6304356 2.3157750 2.2518877 2.9809791 2.3686070 2.4600631 3.9567000 2.5510982 2.9907116 1.7789560 0.8664887 2.4033069 2.4552010 1.9268934 2.9399543 2.6357319 3.0449773 3.2711548 2.0950876 2.0015705 1.5511938 1.7677331 1.8531329 1.8390045 1.5837032 2.3150486 2.1714473 1.7770218 2.8295468 2.4273516 2.4100548 1.9179587 1.0354559 1.0405201 2.3360132 2.8211463 0.5827306 0.7567943 0.4466437 2.8690693 1.2171867 1.4872159 1.8628007 1.9196948 1.6446741 1.7885677 2.3766805 2.2377910 1.9906921 1.7788857 1.9673360 2.1504838 2.0608167 2.2590308 1.9788686 1.9178037 1.7569880 1.6774449 1.7701974 1.6672382 2.0556172 1.6964397 1.7068133 3.0949621 1.2660543 1.0769430 1.1036212 1.8998607 2.6949481 2.6091081 2.5075329 2.0490379 2.3581534 2.9014837 2.4045768 1.7051008 1.5743928 2.2201652 1.5637140 1.3143360 1.2846513 1.2132956 1.2112529 1.1430610 1.2931011 1.0265148 1.0782730 1.2827978 1.2658305 1.2889850 1.1714391 1.3042510 1.1609527 1.0307079 1.1135812 1.1678551 1.2095742 1.2929388 1.1604574 1.2436326 1.3550891 1.6627657 1.9517326 1.2446623 1.9116392 2.1550725 2.4379398 2.6072381 2.1727956 1.6679297 3.1036933 2.3143941 1.8911758 1.7145783 1.8966684 1.6328514 2.3136829 2.4088610 3.1649051 2.1315549 2.6812451 2.1067970 1.6890024 2.1486888 1.9635562 1.6268712 2.1693195 1.5409277 1.7189103 1.7489869 1.6101252 2.2766575 2.0282571 2.2940633 2.1414670 1.5795972 1.9559212 1.7790538 1.7486473 2.6801897 1.7747075 1.7457526 
Gemicryo                                                                                                                                          1.9033914 1.7321608 0.6854972 0.0000000 0.6900202 1.7534048 1.9112558 2.2142363 2.3651738 2.2708468 2.2787945 3.6694115 2.6383907 2.8304861 3.4549097 2.9094731 2.4152724 1.8895911 0.9305381 3.1459912 2.4677467 2.0560251 3.4466617 2.9369394 3.2277202 3.3480771 2.3394481 2.0957176 2.0537622 1.9074464 1.9618691 2.0175474 1.6946088 2.6076027 2.3437821 1.6563367 2.8838446 2.6790073 2.6225336 1.5810470 1.0224141 1.3496218 2.4809364 3.1066896 0.6437954 0.9398856 0.9315297 3.0638853 1.7423196 1.9941032 2.0778990 1.9135168 1.9233594 2.0500202 2.2548848 2.7371118 1.9534343 2.3205351 2.4664087 2.2006560 2.2158148 2.1288834 2.1137637 1.9558272 1.7878941 1.8781219 1.9350683 1.8168090 2.2556830 2.0758594 1.6025805 2.9528524 1.1712383 1.2088294 1.1248688 1.9639544 2.8724348 2.5498474 2.4603580 2.2293070 2.1593368 2.4265236 2.4911876 1.9011370 1.5690004 1.9821136 1.5078643 1.4839195 1.3674838 1.2620259 1.2426458 1.2182863 1.5155974 1.0220975 1.3687532 1.5298659 1.4124427 1.4189629 1.4026643 1.4524077 1.4611605 1.0444554 1.3025425 1.0980269 1.1909671 1.2618344 1.1604548 1.5602582 1.4543653 2.3523806 2.5697803 1.4857928 1.9323563 2.6143003 2.6038220 2.5101680 2.4962740 1.9924399 3.4303524 2.4586420 1.9464038 1.9598968 1.9133880 1.7894348 2.0327161 2.3559533 2.8774188 1.9768114 2.8032449 2.0531879 1.8503507 2.3490128 2.0923309 1.8773433 1.9659333 2.0253675 2.0958953 2.2462372 2.0552713 2.6969848 2.3317823 2.4217417 2.3876473 2.0768501 2.2245171 2.0645086 2.1682074 2.5744606 1.9270010 2.2856486 
Guilthet                                                                                                                                          2.1538099 1.7018782 0.5994964 0.6900202 0.0000000 1.6532973 1.8296567 2.2492787 2.3593954 2.5628470 2.4099460 3.5244823 2.5770299 2.7561678 3.7273472 2.9348488 2.3185206 1.7616492 1.0512770 2.5710732 2.7146609 2.0663861 3.3069804 2.8862571 3.1182378 3.0540453 2.4027952 2.1263146 2.0409503 2.0998103 2.0552513 1.9758678 1.7674579 2.6783357 2.1604896 1.5969937 3.1201000 2.4344226 2.6272185 1.9274105 1.1728273 1.3099144 2.3488524 3.3232701 0.7335266 0.7165373 0.6517741 2.9221488 1.5820612 1.7416254 1.8970253 1.9165977 1.9277025 2.0171958 2.1226755 2.8490223 2.0537651 2.3952234 2.5009271 2.1503828 2.2499482 2.3029599 2.1168052 2.1690065 1.9180969 1.9470037 1.7001540 1.8727513 2.1418907 2.0696367 1.6536274 2.8665510 1.3888080 1.2631515 1.1847167 1.8804424 3.1092367 2.5275006 2.4307622 2.1752458 2.1933345 2.6588178 2.5377801 1.9222648 1.7095874 2.3332016 1.7979205 1.3446510 1.3729989 1.3643603 1.4275031 1.4544020 1.4947912 1.1310475 1.2704921 1.6515914 1.7756032 1.6992660 1.3996624 1.3825617 1.3980582 1.0461497 1.4143404 1.1747959 1.2954326 1.2039303 1.1699675 1.3547871 1.3142732 1.9550705 2.2517080 1.4125129 1.9160856 2.3993933 2.7610223 2.5710833 2.5388904 2.1063778 3.0050436 2.4450885 1.9169066 1.7805137 1.8939237 1.7130426 1.9294438 2.2539793 2.8591405 1.8845743 2.7234844 2.1568867 1.8872402 2.1861573 2.4418860 1.9893387 2.0813405 1.9758966 2.0063953 2.1145997 1.9532987 2.7329750 2.5272535 2.4528519 2.7142311 2.0909563 2.3042525 2.0011165 2.0988519 2.4744333 1.9373144 2.3087827 
Calclept                                                                                                                                          1.8080776 2.0956102 1.2395324 1.7534048 1.6532973 0.0000000 0.9791016 1.8190616 1.8334803 2.2008724 2.4782311 3.1656712 3.0036895 3.3136696 3.6269123 3.4096660 2.6034619 1.9817377 1.5155133 3.1025073 2.9339170 1.7554517 2.5368434 2.6395722 2.8457866 2.8628496 2.1203803 1.9405556 1.7541795 2.0107491 1.8682792 2.0376867 1.8669693 2.5895492 2.2403904 1.9033852 2.7823974 3.1357689 2.9395403 2.1551926 1.8343349 1.6396744 2.6624348 2.9975870 1.5623614 1.5876044 1.4250751 2.8043157 0.4455538 0.9705619 1.0696634 1.7317055 2.0551872 2.3739248 2.4358299 2.8837626 2.2130967 2.2532690 2.5204916 2.2234539 2.1483053 2.4711049 1.9466133 1.7886245 1.8904310 1.9386565 1.8973903 2.0461699 2.2075460 2.1595073 1.9519174 3.0737872 1.6558045 1.7393345 1.5394679 2.0328546 2.8457992 3.2936555 2.4180753 2.1103494 1.9471664 2.7278393 2.2529483 1.8604194 1.8200151 2.2867850 2.2974360 1.7265384 1.6229846 1.4264679 1.6248727 1.6413667 1.7709280 1.6222237 1.5712064 2.2494208 2.2005885 1.8917392 1.7763570 1.6823539 1.8649240 1.6875560 1.7165694 1.6160404 1.2046088 1.5150662 1.5826332 2.0352492 2.2185805 2.1421777 2.2045298 1.5717198 1.8045253 2.4492772 3.2831117 2.7822243 2.0857236 1.8514649 3.7325031 2.4672705 1.9478305 1.9507491 1.7939570 1.5690626 1.9032191 2.6479236 2.7883512 1.7531956 2.0786120 1.9875353 1.9190822 2.4079826 2.0208424 1.6122365 2.0044479 1.7963194 1.5132379 2.0788029 2.1857301 2.2048651 1.9507182 2.3023699 2.1608610 1.7424451 1.7897068 1.6781867 1.8709516 2.2223405 1.6877210 1.8332242 
Gephhuxl                                                                                                                                          1.7468766 2.1831692 1.4260641 1.9112558 1.8296567 0.9791016 0.0000000 2.0762865 1.8607061 2.1238210 2.6519999 3.0060168 2.6395205 3.0696289 3.6195039 3.2049110 2.6796778 2.0612659 1.7404611 3.3408952 2.8355384 1.8161687 3.0006791 2.3958428 3.0850955 3.0143087 2.2436715 1.7755758 1.8643398 2.1160968 1.8887324 2.0002039 1.9573100 2.9440988 2.2871691 1.8874578 2.9450823 3.1256613 3.0989343 2.4957097 1.7588887 1.9631006 2.6184048 2.9479131 1.7473890 1.8627880 1.5502780 3.2837630 0.8694030 1.2588177 1.5938484 2.1759635 2.5026120 2.8765639 2.9683163 3.2895779 2.7083265 2.9972209 2.7945835 2.8463763 2.7393678 2.6288038 2.3539794 2.2044987 2.3814829 2.0648780 2.2035490 2.4722046 2.7093070 2.3720893 2.2056388 3.3404419 1.7161281 1.5341510 1.8935167 2.5821617 2.7989423 3.3515753 2.3997009 2.4457551 2.1041314 3.2139593 2.9721912 1.9474787 1.8601928 2.5031619 2.2609391 1.7895580 1.7109806 1.6361526 1.6685929 1.7143440 1.8223088 1.6737973 1.8195210 2.2927209 2.2721858 2.0985714 1.9914881 1.7277727 1.8366395 1.6243343 1.6592654 1.5445910 1.7085075 1.6019249 1.6264421 1.7712546 2.1160349 2.5490114 2.5683076 1.4725776 1.9458454 2.3091704 3.3377293 2.8657663 2.7958566 1.9745755 3.7526087 2.6658203 2.0601196 1.9763303 1.8713930 1.6929128 1.8982486 2.1897624 2.6541597 1.9835494 2.4673379 2.0019518 1.9689920 2.1855828 1.7658802 1.7370916 2.4678835 1.9796572 2.1505304 2.1756540 2.0581855 2.3012044 2.1897969 2.6910521 2.6179325 1.9194218 1.8337305 1.7027907 1.8586591 2.5011976 1.7763938 1.8767854 
Ammo1384                                                                                                                                          1.9565680 2.6351142 2.8642322 2.2142363 2.2492787 1.8190616 2.0762865 0.0000000 0.8985353 2.5705064 1.9287385 3.0511985 2.7417479 3.3993139 4.8435310 3.0801892 2.4401435 1.8573838 2.1055214 2.8236297 3.1751211 1.8234670 2.8760493 2.5298102 3.0986371 2.8582310 2.7021286 2.0900142 2.2915030 2.1426796 2.3028214 2.4507042 2.0073651 3.5937763 2.4425892 2.1146514 2.9262016 3.2873458 3.4048051 2.1748210 1.9639697 2.2608615 3.0817524 3.3026669 2.2627024 2.5143540 2.3054994 3.1844279 1.9514599 1.9838267 2.2670969 2.7401875 2.5498169 2.8858438 3.5689313 3.7198494 2.6878746 3.4010205 3.1301693 3.2889083 3.2615326 3.3977369 2.6835518 2.5597340 3.0263443 2.5959000 2.3982247 2.8179778 2.4743843 2.6933939 2.6010397 3.2125200 2.2214363 2.2132519 1.9343806 2.0848820 4.2290951 2.8790252 2.4971037 2.4017590 2.3540606 2.4981321 2.4807193 2.1575732 2.2861109 2.4731763 2.5999404 2.3399850 2.0488609 1.8449768 1.9307453 2.0764732 2.1459593 1.9803955 2.0905530 2.1818428 2.1407885 2.1091138 2.4879698 2.3542605 2.8153306 2.0233855 2.6661342 1.9835012 1.9829299 2.0827494 2.3805868 2.6042044 2.1487943 2.7496725 2.8592320 2.4544594 1.8121669 2.9359822 3.3528633 2.9463763 2.8393880 2.0687678 3.0211533 1.9885305 1.8511986 1.9172189 2.1386863 1.7228611 1.8970563 3.3830884 2.9408567 2.2098428 2.4433567 2.3505506 2.0779923 2.3612935 2.6829551 2.0817811 2.2384485 2.7928148 2.1961223 2.0956400 2.0840885 2.3749667 2.1935273 2.6151596 2.8422695 1.9532295 2.0675607 2.0405045 2.1122830 2.7504843 2.1331497 2.7700279 
Retifilo                                                                                                                                          2.0547620 2.7213174 2.6304356 2.3651738 2.3593954 1.8334803 1.8607061 0.8985353 0.0000000 2.3578826 2.2397221 3.0536423 2.7961131 3.2088179 4.6967287 2.8205129 2.4702380 2.0719869 2.2654586 3.3638500 3.0899079 2.0194383 3.0786107 2.8647871 3.6677635 3.0618078 2.6619878 2.1189112 1.9470692 1.8174259 2.2230685 2.1663075 2.0532864 3.2203676 2.5902191 2.0207521 2.9269890 3.3734340 3.5634548 2.5075168 2.0187185 2.0247202 2.9489565 3.7985632 2.4475514 2.5230813 2.5092661 3.4897768 1.8882553 2.0078236 2.1278204 3.0026679 2.6546665 3.1292411 3.5033336 3.5701817 3.1021627 3.2614153 3.0160515 3.6509788 3.0702520 3.4171379 2.7763076 2.8593079 2.6344164 2.6022669 2.4138555 2.6469427 3.0802491 2.8241847 3.0956821 3.2258988 2.1275282 2.2426181 2.1810755 2.2948693 3.7953260 3.1986626 2.1812012 2.4569781 2.1275959 2.6061244 2.4957188 2.0417293 2.3624394 2.4374965 2.4158920 1.9464501 1.9270737 1.8469465 1.7889600 1.9450760 2.1217515 1.6793307 2.1112052 2.1045632 2.4232058 2.2980506 2.4499039 2.3898847 2.5357095 1.8862652 2.2994585 2.1677459 2.0285209 2.1589011 2.1512818 2.2708452 2.3177310 2.7697425 2.8595822 1.7614271 1.6189650 2.9528925 3.0654743 2.3427503 2.7879626 2.2484253 3.6252616 2.6439667 1.9472240 2.2419989 2.0685368 1.3328177 2.0416150 3.3003913 3.3662903 2.0367480 2.4272082 1.9402756 2.0241977 1.9925120 1.9493464 1.7049539 2.4553050 2.4066810 2.2642529 2.1331979 2.2258539 2.4410920 2.2196496 2.5458711 3.0723359 2.0365651 2.1619220 2.1019140 2.0107004 2.6156647 1.9387900 2.6270528 
Nemavect                                                                                                                                          1.9617985 3.0360752 2.3157750 2.2708468 2.5628470 2.2008724 2.1238210 2.5705064 2.3578826 0.0000000 3.1521045 3.9550319 3.5989831 3.3572397 4.3017528 3.7281181 2.7085724 1.9635961 1.8215569 4.1925903 3.0677732 2.1151107 3.5027350 3.1102439 3.4654060 3.1527573 2.3705262 2.1780846 2.0497325 1.5707572 1.5982093 1.3655807 1.2183703 2.2186667 2.8572387 2.1856371 3.2638969 3.1368512 2.8032323 2.6576682 1.9323290 1.9945275 3.5372922 3.9229989 2.4952867 2.8685497 2.2219974 3.3610556 2.0114270 2.0370743 2.5342542 2.4559711 2.9619733 3.1516123 3.4965383 3.2403936 3.1128930 3.6633131 3.4423700 3.2969173 3.3205223 3.4522542 2.8767395 2.8077970 3.2966784 2.9522048 2.6823309 3.0976966 2.9286417 3.2030502 3.1121705 2.8134276 1.7353888 1.7559323 1.9247823 2.5185107 4.1607959 3.4467811 2.8631919 2.3814262 2.5336807 2.9084446 2.3916884 1.4348430 2.7675566 2.1729205 2.2770587 2.1568351 2.1695910 2.1523361 2.2026568 2.0863223 2.1547294 1.8878169 2.1117018 2.1181830 2.5098206 2.3192968 1.8159483 2.1482977 2.2516341 1.9364618 2.2021105 1.6658432 1.6993488 1.9126660 1.9749228 2.4328661 2.2553230 2.6235636 2.6801043 1.7374851 1.9446812 2.9283094 3.2660761 2.9272917 2.9075225 2.7517767 2.8961428 2.6959103 2.1282858 2.2294474 2.0203045 1.4173310 2.1840409 2.5125724 2.2458596 1.8616807 2.4316302 1.8948523 1.4013434 1.2917412 1.3676003 1.1455400 1.8027035 1.7593369 2.0400907 2.6121395 2.3830571 2.5832289 3.0746569 2.4731920 2.4419684 2.0958693 2.1159649 1.9155704 1.9382851 2.6971235 1.8103738 2.2121302 
Stichzan                                                                                                                                          2.1515588 2.7596833 2.2518877 2.2787945 2.4099460 2.4782311 2.6519999 1.9287385 2.2397221 3.1521045 0.0000000 4.2589482 3.4721883 3.3468076 3.9052990 3.3012065 2.6584763 2.9254348 2.3894119 3.5515367 3.9296864 2.3943481 3.0618400 2.7231597 3.0353810 2.8794838 2.7187386 2.4264832 2.7130336 2.4650042 2.5448305 2.6710660 2.2887361 3.2036510 3.0814708 2.7868440 3.0165545 3.4341044 3.6782997 2.8330885 2.4567665 2.4724292 3.7341288 3.8367561 2.3600798 2.4623502 2.1275021 4.0564651 2.3723703 2.4198041 2.8630872 2.6826539 2.6086288 3.0863262 3.2099590 3.4566123 3.2836825 3.0098604 3.4811844 2.8547813 3.1779593 3.3748580 3.1467255 3.0248474 2.8431075 3.1164482 3.1130129 2.8321547 2.8857653 2.6264573 2.8168955 3.6417387 2.4052396 2.4493690 2.4586861 2.6970559 3.5489681 3.4779074 2.8134712 3.0632239 2.4428697 3.6689759 3.3497371 2.4845880 2.7141186 2.8619676 3.0385046 2.9629221 2.5482436 2.4431218 2.6477572 2.6803861 2.5804203 2.6307821 2.5425612 2.4417918 2.6517776 2.8209712 2.6720392 3.0031487 3.1946664 2.4635172 2.8624647 2.4267662 2.3998292 2.9149035 2.6072136 2.5259750 2.6333723 3.3000984 3.0954837 2.3664560 2.6438755 3.3942756 2.9185851 3.2047310 2.9340676 2.8763514 2.9926222 3.0199148 2.3454957 2.6284145 2.6385385 2.4635778 2.3377677 2.8506076 3.5127287 2.7493107 2.7256820 2.6224730 2.4663322 2.5890379 2.6464958 2.3003858 2.9228467 3.1298621 2.4680690 2.4596684 2.5770213 2.6439290 2.6814568 2.6008691 2.9741429 2.4820269 2.4353993 2.3733731 2.5396606 3.3625145 2.5121053 2.8754492 
Paratetr                                                                                                                                          2.8703975 3.9293376 2.9809791 3.6694115 3.5244823 3.1656712 3.0060168 3.0511985 3.0536423 3.9550319 4.2589482 0.0000000 1.6118098 2.7683679 4.4897283 1.9686434 3.7261948 3.1174584 3.3275801 3.6758967 3.8402117 2.9914748 3.1796540 3.2271580 2.9781253 3.3792040 4.0348192 3.1739588 2.7211001 3.4382079 3.2108244 3.0301022 3.1624257 5.4995942 3.3627085 3.4528212 3.4099038 3.5052894 3.7900169 2.8829950 2.7278571 2.7823185 3.9554830 5.0793775 3.6524095 4.5274562 3.2861761 4.8759561 3.4133682 3.3896958 3.7808180 4.5109141 3.7177166 3.6677222 4.2500055 5.5802814 3.8319600 4.8357296 4.6801026 4.3649471 3.9060301 5.8152137 4.6347643 4.0296812 4.4244622 4.1385628 3.6709743 4.0641071 4.0022768 4.3825939 4.5086187 3.5072784 2.9827660 2.6392849 3.2324949 2.4686734 3.9827464 4.0915430 3.1889435 3.6231898 2.9978986 3.3113708 3.4736225 3.6187572 2.8994679 3.2651312 2.7520989 2.6899003 3.1283894 2.5809151 3.1736284 2.8949691 3.2784916 2.5738194 3.1085986 3.5129262 3.4381386 3.4773700 3.3582412 2.9990825 2.9751204 2.8142183 2.7259848 2.8289796 2.6571914 2.9211814 2.9075003 3.3126366 3.1823492 3.9852898 3.2002596 2.5107624 2.9033406 3.5137897 3.3379146 4.4049416 3.7162480 2.8568944 4.0307345 3.2804053 3.2022450 3.1550323 3.1819948 1.9807829 3.3786273 4.2148641 4.2143649 2.9757302 3.9753413 3.5014838 3.6085760 3.5249494 3.2699793 3.1925494 3.0516161 3.0587389 2.8375931 3.0319854 3.1389617 4.0844178 3.5524112 3.3091739 3.2879182 2.7481238 3.3559562 3.1585652 2.9683292 4.9864504 3.5975278 3.7061722 
Platmacr                                                                                                                                          2.9789774 3.7550333 2.3686070 2.6383907 2.5770299 3.0036895 2.6395205 2.7417479 2.7961131 3.5989831 3.4721883 1.6118098 0.0000000 1.7642957 5.0104850 1.5198124 3.6535679 2.6721738 2.4917925 3.2334101 3.9113429 2.9208490 3.7773699 3.2629942 3.5118205 3.5670333 2.8677139 3.0645648 2.7628044 3.3292559 3.1176955 3.1367521 2.9381069 4.3343859 4.0290123 2.9440860 3.5017262 3.6033069 3.3892959 3.1331133 2.6326712 2.3758408 3.5902457 4.4548877 2.5683087 3.0290693 2.4386279 4.2294141 2.9321830 2.9850965 2.8886259 3.4023283 3.3935790 3.3133425 4.0056173 4.7724659 3.9087843 4.6321956 3.8395310 3.8002731 3.6829001 4.1338579 3.5382338 3.5621761 3.5117603 3.2458837 3.2651929 3.4178251 3.2797408 3.4663647 3.8325960 3.7046564 2.7571829 2.2723626 2.5700486 2.9914668 4.1613088 3.8747616 3.5010180 3.2825366 2.8267467 3.7135622 3.6379554 3.2528535 2.7403415 3.2451113 3.0579818 2.4289201 2.5718068 2.4012889 2.4547529 2.4793353 2.8786970 2.3138924 2.4442809 2.8317104 2.9249458 2.8490232 2.8476295 2.4525693 2.7568004 2.4188309 2.5082051 2.4741813 2.4439752 2.5567573 2.9147048 2.7168955 3.0385083 3.1772293 3.2701281 3.1512737 2.5805117 3.8403181 3.5312342 3.6567264 3.3938385 2.9096383 4.9313155 3.6270696 2.8024770 2.8929838 3.0875505 3.0145001 3.1082808 4.1570952 3.6331105 2.7960976 3.4862266 3.1704801 3.1274295 3.1620980 3.8126691 2.7793646 2.8627247 3.1534697 2.9143853 3.0722311 3.1205508 3.5343300 3.4377195 3.1230963 3.3284502 3.0608370 3.0423846 2.9902660 2.9841021 3.8240102 3.2704155 3.0355960 
Protadhe                                                                                                                                          2.6631032 4.0137390 2.4600631 2.8304861 2.7561678 3.3136696 3.0696289 3.3993139 3.2088179 3.3572397 3.3468076 2.7683679 1.7642957 0.0000000 4.8566983 2.3128562 3.9444694 2.5038335 2.6882529 3.6286886 4.0666542 2.9169308 3.4003581 3.2938983 3.1067510 3.5683224 3.3701351 2.5374865 3.1867915 3.2587066 3.0570589 2.7150839 2.5179404 3.7045432 3.6876554 3.2630239 3.8807000 3.7188670 3.7009850 3.2575560 3.1801944 2.1874169 3.9164282 4.3872527 3.5508954 3.4053678 2.8578652 5.2669010 3.2819403 2.8922867 3.0900351 4.0649382 3.1849555 3.3881902 4.1434393 4.4130202 3.3210989 3.7803173 4.4559327 4.4573885 3.7958205 4.7252715 4.2694630 4.0853005 3.6997882 3.8236177 3.4989747 4.1886827 3.9054715 4.1016901 4.3253993 3.6790982 2.2589205 2.3545437 2.6912162 2.9925396 3.7890011 3.3563453 3.1666734 3.8068899 2.4305998 3.2466401 3.6184975 2.8365676 2.5249270 2.9592069 2.7556891 2.5481585 2.6311154 2.5066311 2.7437960 2.3809675 3.1685701 2.5039905 2.6742025 2.5030192 2.9908251 3.0090737 2.6578675 2.1992991 3.0386039 2.4735223 2.4052582 2.2815619 2.5003255 2.7105019 2.3632874 2.5608451 2.8568257 2.5082471 2.9386702 2.7399664 2.8537002 3.3198865 3.2865467 3.7490064 3.9490371 3.3648812 4.1115153 3.4556289 3.3143319 2.9414790 3.2922081 2.8152291 3.6854850 3.6574189 3.3705594 3.1159417 3.3940410 3.1924777 2.8836073 3.7208087 3.4415391 2.5401681 2.7720622 3.0161935 2.7910490 3.0659571 3.1711783 3.5036176 3.5873749 2.5635266 2.5504326 2.8921330 3.4169233 2.6567203 2.5904350 3.8073553 3.2426888 2.9629048 
Tricvagi                                                                                                                                          3.5803766 3.5806326 3.9567000 3.4549097 3.7273472 3.6269123 3.6195039 4.8435310 4.6967287 4.3017528 3.9052990 4.4897283 5.0104850 4.8566983 0.0000000 4.3625852 3.9434637 3.6820331 3.3042572 5.6820948 3.2788616 3.4081063 4.1211913 4.0021907 4.2302592 3.8986101 3.6178487 4.0501846 3.5377416 4.2618247 3.3613512 4.4725209 3.7663878 4.4621069 3.8118032 3.8186931 3.5676381 4.0688933 3.7423465 4.5321147 3.2520121 3.5966241 4.9330573 4.4210941 3.7880599 3.8846601 3.6398846 5.1571090 3.6926780 4.4361186 4.0824374 3.0392237 3.7880033 3.7501018 3.9615164 4.5468955 3.3045683 3.4902070 3.0883935 3.7739359 3.3512758 3.6176412 2.7719983 2.9500698 3.4772905 3.3361729 3.2986798 3.1894202 4.0336864 3.3278832 3.6321663 4.1675737 3.5759575 3.6380449 3.6239294 4.2401206 3.8243883 4.8888211 4.2475649 3.4078550 4.0788267 3.7551810 4.1747517 3.8503048 3.4748456 3.2672287 3.8909356 3.6140278 3.2394114 3.3371086 3.6213393 3.5680320 3.4694394 3.3852628 3.5493367 3.6028939 3.3662512 3.3277456 3.5437121 3.4678734 3.8030423 3.5772441 3.5699662 3.3044795 3.3196669 3.3530492 3.9508496 3.9158348 4.1785595 3.9711810 4.7910001 5.3870942 4.4043227 3.9134597 4.7677152 3.8602510 3.7158397 3.4942504 6.3650752 4.0899536 2.9844495 3.2224659 4.0600858 3.3290423 3.8858972 3.5140181 5.1575191 3.6627074 4.0839654 5.0585873 3.8456668 4.5179841 4.6633893 4.2055164 4.5811759 4.0834602 3.8004757 3.2389791 3.1877668 3.8048713 3.8979896 3.7883573 4.0234259 3.1862127 3.4307119 3.6245022 3.4908162 4.4837889 3.8414478 3.6719331 
Tetrther                                                                                                                                          2.6251665 4.2936104 2.5510982 2.9094731 2.9348488 3.4096660 3.2049110 3.0801892 2.8205129 3.7281181 3.3012065 1.9686434 1.5198124 2.3128562 4.3625852 0.0000000 4.0492684 2.7690724 2.8140578 3.9007903 4.3885635 2.9061796 4.4041603 3.7224317 4.0188228 4.3569669 3.2350110 3.1359716 3.2027418 2.8015772 3.1306992 2.9879393 2.6972806 3.7893196 3.7837100 3.3376313 3.3788881 3.4336819 3.4541810 2.7639940 2.8983233 2.1953882 4.0462516 6.0178770 3.0028369 3.7143697 2.6578425 5.8564375 3.5258764 3.3611195 3.7409465 4.2160651 3.7542309 3.9929647 4.1701489 5.8829945 3.7811521 4.7433559 4.9305447 5.1849936 4.3585003 4.7204763 4.0474310 3.7192793 4.4455902 3.7067174 3.9687849 3.5704703 4.0222418 3.9124131 4.8659840 3.4686328 2.6002653 2.6102108 2.9979754 2.6048733 4.0009374 3.9736551 3.0998282 3.4624167 2.5560166 3.3321548 3.8779815 3.0865523 2.7967491 3.1766078 2.8930879 2.5105564 2.9041456 2.7677031 2.9283317 2.8191386 2.6809697 2.5057201 2.7245819 2.6006681 2.7950090 2.8297878 2.6327547 2.8570548 2.6999867 2.4312494 2.4458368 2.4919681 2.4196396 2.9170554 2.6374101 2.9823247 3.1701993 3.3968196 3.3824101 2.2004729 2.4405804 3.4046459 3.7133787 3.9122589 3.6618221 3.8190830 3.7763707 4.2060004 3.0458580 3.0769621 3.1479020 2.1608020 3.5011017 3.7807430 3.8145777 3.0726159 3.7639872 3.1663698 2.9916463 3.2799702 3.3982302 3.2422652 3.0201590 3.2725633 2.6247588 3.3341033 3.2489535 3.7523237 3.1767622 3.6917963 3.3483493 2.7813206 3.8135355 3.1333313 3.1972605 5.2060175 3.7717211 3.0850082 
Leptvora                                                                                                                                          2.1347354 2.7687056 2.9907116 2.4152724 2.3185206 2.6034619 2.6796778 2.4401435 2.4702380 2.7085724 2.6584763 3.7261948 3.6535679 3.9444694 3.9434637 4.0492684 0.0000000 2.2325930 2.0048393 3.8963239 3.0647695 2.5040615 2.6992285 3.1538862 2.9577256 2.6925470 2.9169101 2.2969061 2.1989434 2.1649962 2.1339309 2.2502604 1.8897229 3.7162000 3.0046992 1.8490200 2.4021463 2.9263377 2.7174785 2.5350883 1.9171001 2.1181244 2.8605787 3.5603655 2.4467717 2.5706577 2.1620955 4.4619684 2.4093793 2.9815402 3.1102301 2.5622725 2.8264984 3.0343831 3.3985338 3.8682521 3.0511293 3.3894783 3.2318549 3.1375133 3.0481104 3.3638336 2.8578302 2.7945223 3.0345856 2.4440102 2.5364404 2.5722814 3.3264050 2.8075049 2.5685660 2.9671044 2.5609372 2.3372009 1.8542168 2.9946792 4.5005789 3.4529125 2.5429019 2.8548919 2.2411650 2.2409446 2.4410990 2.4501612 2.9054166 3.1182151 2.6794986 2.0636919 2.1842120 2.0339196 1.9319147 2.1039487 2.3800177 2.0559764 2.2079121 2.1005678 2.3464572 2.3846732 2.3631957 2.4706466 2.4541931 2.1885885 2.5745116 2.0804973 2.0159224 2.0216277 2.2605928 2.3123439 2.1216299 2.7304143 2.7813977 2.4761211 2.3781415 3.2899074 2.5887861 3.0118810 3.2583574 2.7764868 3.5275954 2.6958510 2.2736826 2.4178938 2.2364133 2.8286638 2.0616371 2.5675358 3.4159521 2.6949651 3.0244425 2.4244535 2.4813862 2.6918674 2.7134664 2.0543184 2.6283362 2.2255011 2.2487788 2.4154256 2.4772968 2.6493565 2.4145184 2.6365903 2.9843467 2.1452699 2.2737218 2.1004194 1.9898645 3.0831548 2.4844187 2.9333919 
Lapoguse                                                                                                                                          2.0306457 2.6930667 1.7789560 1.8895911 1.7616492 1.9817377 2.0612659 1.8573838 2.0719869 1.9635961 2.9254348 3.1174584 2.6721738 2.5038335 3.6820331 2.7690724 2.2325930 0.0000000 1.5383413 2.9531989 2.2737557 2.2170264 2.9951377 2.5859425 3.1189784 2.8989522 2.1304571 2.3478852 2.0056784 2.0768004 2.3083320 2.0965145 1.7834275 3.1110008 2.4342402 1.9407481 2.9086029 2.4827865 2.3944088 2.1984439 1.5655917 1.6190763 3.0448156 3.8066146 1.7017443 2.1018014 1.6072466 3.7726381 1.8952954 2.1331016 2.5104201 2.7045718 2.7089515 2.8998298 2.9679146 3.5704407 3.0413607 3.1849703 3.1431131 3.1991428 3.1377783 3.3042519 2.5853931 2.7459742 2.9583263 2.7482958 2.2772309 2.5522602 2.8750565 2.9884300 2.8157798 2.5003294 1.6371516 1.5886228 1.8433675 2.2867394 3.4582972 2.8327030 2.5824396 2.2381700 1.8643599 2.3036580 1.5178105 2.2065881 2.2615736 2.1601436 2.0176473 1.7340955 1.6039513 1.7257087 1.7130179 1.7151622 2.2092321 1.4768045 1.7971935 1.9526820 2.1025083 2.2071048 1.5827543 1.7931514 2.0326184 1.4221451 1.7241010 1.6542630 1.5292159 1.6373989 1.6189324 1.9194217 1.9075384 2.2758552 2.4294046 1.5184896 1.4854652 2.4448470 2.8928849 2.5104190 2.0598291 1.8953606 3.2363148 2.4354800 1.8943277 1.8526505 1.9986220 1.7403113 2.0843328 2.6529062 2.6622078 2.3810475 2.7759958 2.2591187 2.3424093 2.2691656 2.0883985 2.0397443 2.1023771 2.1162855 1.9603527 2.0560456 2.1447957 2.8835379 2.3677070 2.3079263 2.5844100 2.2337151 2.2517904 2.0400174 2.1404006 2.8716403 2.1369116 2.3971462 
Goniavon                                                                                                                                          1.5995151 1.8527033 0.8664887 0.9305381 1.0512770 1.5155133 1.7404611 2.1055214 2.2654586 1.8215569 2.3894119 3.3275801 2.4917925 2.6882529 3.3042572 2.8140578 2.0048393 1.5383413 0.0000000 2.5874029 2.0534278 1.7962896 2.5960820 2.6220486 2.4910614 2.9635427 2.6219768 1.7379626 1.5769790 1.5284200 1.4819805 1.4623234 1.1541149 2.1201212 2.1747052 1.1815085 2.8619283 2.4673525 2.4651073 1.5472533 1.0213215 0.9743194 2.7856177 3.3319073 1.0262461 1.0668499 0.8316989 2.9690059 1.4309189 1.7138452 1.8206622 1.6350478 1.7713085 1.7150608 1.7565448 2.3939336 1.6421819 1.8166619 1.9248204 2.0437780 1.8668402 2.0642069 1.8854656 1.8147098 1.5125239 1.5961154 1.6710768 1.6401121 1.8409162 1.8610748 1.7674484 2.6503405 1.0852679 0.8970061 0.7360252 1.6972441 3.1297364 2.5008327 2.1520213 1.6182792 2.0424434 2.4801282 2.2264478 1.7245454 1.6784948 1.6943854 1.9181093 1.1069285 1.2079057 1.0710997 1.1937193 1.0656787 1.1915284 0.9213188 1.1512328 1.4671140 1.5692268 1.5875379 1.0366956 1.0998434 1.2289971 0.9327383 1.1715009 0.8752813 0.9621944 1.0089290 1.2032223 1.0980468 1.2460535 1.6822308 2.0554663 1.4106796 1.5065062 2.0624806 2.6660030 2.6537982 2.4990281 1.7531507 2.5605174 2.0893631 1.8471522 1.6200024 1.6645018 1.2569271 2.0400022 2.3182350 2.5100112 1.9308559 2.4941846 1.9495143 1.7191910 1.5706829 1.7722208 1.4121281 1.6766901 1.4452499 1.5302110 1.8504920 1.8791253 2.2062927 2.2764336 2.2559966 2.2438030 1.7109244 1.7199158 1.4989605 1.6059235 2.3239082 1.7349023 1.7340856 
Charbrau                                                                                                                                          2.8935846 3.7183689 2.4033069 3.1459912 2.5710732 3.1025073 3.3408952 2.8236297 3.3638500 4.1925903 3.5515367 3.6758967 3.2334101 3.6286886 5.6820948 3.9007903 3.8963239 2.9531989 2.5874029 0.0000000 4.2652066 3.1027235 3.8732081 3.0671578 2.8009158 3.6180028 4.0595230 2.7872990 3.1674746 3.0580036 2.7381604 2.4596963 2.6114926 4.4881311 3.8631252 3.3775406 5.0221349 4.7988590 4.5925719 3.1513163 3.1829530 2.0633894 3.2394973 5.3978818 2.9732524 3.2648340 2.5390836 4.7680755 3.5599899 3.4851914 4.0745334 4.0704949 3.9789298 3.7593055 4.1805332 5.3820964 3.7792174 4.1840764 4.5625683 4.1030627 4.0083444 5.2453711 4.2301292 4.4298640 4.4393080 4.2888878 3.8159096 3.7312938 3.6283309 3.3556802 3.8090444 4.9740396 2.8095729 2.7901085 2.3725610 2.4334541 3.7882945 2.3500287 2.9171092 3.4495785 2.6570756 3.7680929 3.1150954 3.1410188 3.5240568 3.3210387 3.2183727 2.5996728 2.7152348 2.5136568 2.9773479 2.6733297 3.1172077 2.8708454 2.6690839 3.0526639 3.2005057 3.0620021 2.7352290 2.9663160 3.2139237 2.6295833 2.7951773 2.6856067 2.7966670 2.9162353 2.8937466 3.1724158 2.9389161 3.5555318 2.6962772 1.9113817 1.8919126 3.7388019 3.3367978 4.5782573 4.1015449 3.5047926 3.0751568 2.8126096 3.1947073 3.0215551 3.4388880 2.1700602 3.7155202 3.7483331 4.2449829 3.2269305 3.6463706 3.2688756 3.2470178 3.6865421 3.0206509 2.8436717 2.8334896 2.8415814 2.9355558 3.2402410 2.8041452 3.3050956 3.3031220 3.3832950 3.0915133 2.8032604 4.3230507 3.0852481 2.9830216 4.1983166 3.3081236 3.5751140 
Parapyri                                                                                                                                          2.5117115 3.5550200 2.4552010 2.4677467 2.7146609 2.9339170 2.8355384 3.1751211 3.0899079 3.0677732 3.9296864 3.8402117 3.9113429 4.0666542 3.2788616 4.3885635 3.0647695 2.2737557 2.0534278 4.2652066 0.0000000 2.6532920 4.3715169 4.1341316 3.9184700 4.2117755 3.4555450 2.5722513 2.3141104 2.4681453 2.4393302 2.4989522 1.9241843 3.7774792 2.8420488 2.6503786 3.5328383 3.4274057 3.3969223 2.0012887 2.2512695 2.3350807 2.9392991 3.8121302 2.3521172 3.3771075 2.6712113 4.3552606 2.8978279 2.6498396 2.9440519 3.2105082 3.6225892 3.4379617 3.1993321 4.8674429 3.0555619 3.9462019 4.2776376 4.2678760 3.5021334 3.5983476 3.1266600 2.9263802 3.1644847 2.9788325 2.8858291 2.9410039 3.5358944 3.2166845 3.5085766 3.5107402 2.1053446 1.9858851 2.5739951 2.5028287 3.8972550 3.9823765 2.8971933 2.7538163 3.1700159 2.9804750 2.7523452 2.5966529 2.8453853 2.6413946 2.8695326 2.4241895 2.1375158 2.1121235 2.4833773 2.0217493 2.3330711 2.1070459 2.8195514 3.0491741 3.3054585 3.2696898 2.3356225 2.2638792 2.4355870 1.9127688 2.1435332 1.9533801 1.9587221 2.2991146 2.0605870 2.4538205 2.6781887 3.0263227 2.9386963 2.2656003 1.9715901 1.7834136 3.5071785 2.8233336 3.3508678 3.3351660 4.1742978 2.8519227 2.9334148 2.3803986 2.6036689 1.9978181 2.5188698 3.3373126 3.8590463 3.0774365 3.1074996 3.2800114 2.7517655 3.8866544 2.7330215 2.6945133 2.7748938 2.8455902 2.3654292 2.5563076 2.6594994 3.6028947 3.1727569 2.8216292 3.2038761 2.3946414 3.1089907 2.5246755 2.5368792 4.4568313 3.1367075 2.8759248 
Thectrah                                                                                                                                          1.4352382 2.4353098 1.9268934 2.0560251 2.0663861 1.7554517 1.8161687 1.8234670 2.0194383 2.1151107 2.3943481 2.9914748 2.9208490 2.9169308 3.4081063 2.9061796 2.5040615 2.2170264 1.7962896 3.1027235 2.6532920 0.0000000 3.0299047 2.9073817 3.0352124 2.9602179 2.2865812 1.6919964 1.6991819 1.7829608 1.5686100 1.8522745 1.5469442 2.5636242 2.2386469 2.2883874 2.8752129 2.9562767 2.8535022 1.8755931 1.6963260 1.8297426 2.7426373 3.9401210 2.2895021 2.2624991 2.2018319 2.9883467 1.6453468 1.9163064 2.1493140 2.1430327 2.0953999 2.6439884 2.7507573 2.7525685 2.4918998 2.7023530 2.5465650 2.7578992 2.7279260 2.9021249 2.4274402 1.9630273 2.5211024 2.3125084 2.3661401 2.3956390 2.4646687 2.5273545 2.3107797 2.8566810 1.8223442 1.6745437 1.6930707 1.6289998 3.4063820 3.0075763 2.0783337 2.1275857 2.3213717 2.4285734 2.3577905 2.0557703 2.3074671 2.1804648 1.8531646 1.9147041 1.5111830 1.6232927 1.5013342 1.6052262 1.7470106 1.4609419 1.9096101 2.1684469 2.4610872 2.0150719 1.8732819 2.0811411 1.9295198 1.6405039 1.8042393 1.6104743 1.7415443 1.6956298 1.8668683 2.0285987 1.7198428 2.4725605 2.4417486 1.6397240 1.6551859 2.1913617 2.6125676 2.6436105 2.9343265 1.9717259 3.6973732 1.9633235 1.4094911 1.4441260 1.5472640 0.8619555 0.7205708 2.7874201 2.8009927 1.9775414 2.2707383 2.1943109 2.0616365 2.1109288 1.9267157 1.7181548 1.8800786 1.6756293 1.7986140 1.8872650 1.7605006 2.2498324 2.3051775 2.0230040 2.1849415 1.4706321 1.9105631 1.5161245 1.7283045 2.7423194 1.8928863 2.0057081 
ChoanoFB                                                                                                                                          2.1090798 3.6977814 2.9399543 3.4466617 3.3069804 2.5368434 3.0006791 2.8760493 3.0786107 3.5027350 3.0618400 3.1796540 3.7773699 3.4003581 4.1211913 4.4041603 2.6992285 2.9951377 2.5960820 3.8732081 4.3715169 3.0299047 0.0000000 1.1411242 1.0647887 1.1219889 3.1765080 2.2398551 2.6318696 2.5622632 2.7926071 2.3023860 2.5239197 4.1883623 3.5508425 2.8267442 3.3727590 4.2017386 3.3646271 2.7383697 2.8981569 2.8091810 3.1823291 3.9292421 3.4029297 3.6759437 3.1724690 4.2017741 2.4102318 2.6231200 3.3913797 2.7093983 3.4879773 3.3002207 3.5352919 4.8418682 2.9690757 3.1157833 3.4163730 3.1081706 3.3298640 3.6729952 3.4900384 3.2929285 3.3818837 3.5139420 3.4731901 2.9553311 3.0302089 3.7123496 3.7626428 3.6018475 3.0742175 2.8465247 2.5703797 2.8577447 4.2549897 3.1649282 2.9879163 2.8294752 2.4122491 3.3305612 3.7492986 2.5918363 2.9060335 2.9879489 3.3843387 2.5348507 2.9857685 2.7815906 3.2119569 2.8112297 2.9913416 2.7466226 2.7040824 3.0620241 3.5902710 3.7959397 2.9806933 2.9642336 3.1014524 2.7483212 2.7217850 2.6142903 2.4033691 3.0037230 2.6371998 3.2021895 3.1212851 3.1857993 3.3048986 1.9127765 2.6135570 3.0612059 3.1058497 3.9119485 3.4924616 3.1848850 3.9410290 3.5677756 2.3989480 3.1205487 2.9207646 2.4389637 2.7683032 3.6021718 4.1106127 3.0886276 3.3579276 3.3319039 2.7718680 3.1421745 2.9947063 2.8105337 2.5901909 2.5399856 2.3835584 2.4604966 2.3379752 2.6930887 2.5926763 2.3905741 2.0480982 2.4352043 2.5389507 2.1949820 2.3002042 4.0867071 3.1795527 2.7619517 
Rainerin                                                                                                                                          2.0631118 3.8229123 2.6357319 2.9369394 2.8862571 2.6395722 2.3958428 2.5298102 2.8647871 3.1102439 2.7231597 3.2271580 3.2629942 3.2938983 4.0021907 3.7224317 3.1538862 2.5859425 2.6220486 3.0671578 4.1341316 2.9073817 1.1411242 0.0000000 0.8216737 0.8044146 2.5401311 2.2778075 2.7349072 2.7459717 2.7773263 2.4416231 2.6223044 4.2090187 3.2427969 2.6346533 4.0082585 4.0370239 3.8365248 2.6615092 2.8007511 2.5821342 2.8909195 3.2804645 2.9805032 3.2917616 2.5816356 3.9595809 2.2522841 2.8012022 3.1470326 2.9201957 3.0985048 3.7212424 3.3521339 4.4397129 3.4024354 3.5991065 3.2723117 3.6163764 3.6923207 4.5793931 3.5847332 3.3952360 3.7818033 3.3139652 3.4993848 3.1546785 2.7537281 3.0448083 3.4627132 3.3859269 2.8945675 2.4791259 2.5465570 2.5586956 4.1930121 2.9346366 3.5751331 2.7853296 2.3653946 3.2309501 3.5380750 2.5321515 2.9016394 2.8934418 2.8982604 2.4281246 2.9813125 2.6230662 2.7258860 2.7086113 2.8802463 2.8221629 2.6783252 3.0979745 3.5530963 3.4042113 2.9755943 2.5437802 2.9643316 2.5265699 3.1042157 2.3438605 2.5593289 2.6564799 2.7383033 3.0830655 2.7280007 3.3104830 3.0530827 1.7680581 2.5738636 3.2462070 3.3356302 3.9226591 3.6406183 2.9967963 4.1458339 3.0320686 2.1302903 2.5009207 2.9755056 2.4729641 2.3402339 3.4729343 3.7061240 3.0403151 2.8723459 2.7686697 2.6820031 3.2407647 2.8593029 2.4722999 2.8423844 2.8089256 2.6504189 2.6384579 2.2851291 2.7006893 2.3309589 2.3008576 2.1729961 2.4586009 2.3578626 2.2476997 2.3202961 3.2665396 2.7613337 2.7921532 
