176
Blasemer                                                                                                                                               0.0000000 1.3065559 4.8035658 1.3910080 1.6608730 1.8006533 1.8241131 2.0097342 1.2992564 2.0219393 9.0000000 1.9548028 2.2710581 2.7571122 1.8695831 1.6183777 1.7058181 1.3741684 1.2916719 1.4470283 1.4415975 1.3106737 2.0549294 1.6513758 1.5613930 1.8328350 1.3905679 9.0000000 1.4338175 1.6939554 1.5766422 1.6298105 1.5283793 1.7499183 9.0000000 1.6984676 9.0000000 1.2687744 1.3212216 1.7132435 1.7115523 1.8505801 1.9315281 1.7137280 1.6115288 3.6049014 1.5126607 1.8256175 1.4842734 1.3824915 1.5722965 1.0506328 1.6858703 1.5669512 1.5235441 1.4416200 2.1977024 2.0714665 1.8085756 9.0000000 1.6521970 1.9955478 1.2934032 1.8314539 9.0000000 2.0110778 3.2993402 2.9576131 1.8355191 2.3322247 2.0751137 1.5483269 1.9022069 1.6432114 1.1107697 1.5903294 9.0000000 1.6017493 1.8785331 1.6898545 1.6778523 1.6724901 1.6088494 1.5056659 1.4274646 1.5251780 1.6088760 1.9751619 1.5040094 1.6586477 1.2159561 1.5847983 1.5442945 1.6558232 1.8425907 1.6197904 2.0064480 1.3924158 1.4373098 1.3909906 1.4625656 0.8087273 1.5832137 1.6564304 1.4704899 9.0000000 1.7796903 1.6221440 1.4489201 1.9150645 1.6904938 1.5778963 1.5071965 1.4597011 1.5611177 1.5957470 1.5667906 1.4142015 1.4779111 1.3607992 1.3110505 1.5241943 1.5151662 1.5864807 1.4960006 1.7252195 2.1681528 1.5381268 2.4929732 1.5623995 2.1323155 1.4420254 1.9666777 1.5193332 1.3573122 1.3699664 9.0000000 1.4405154 1.7262598 1.8815527 1.5918287 1.2904515 2.4211956 1.9528804 2.0888561 1.5279996 1.6600861 1.4310877 1.6673187 1.4422269 1.3693439 1.9216098 1.8042308 1.8036075 1.5943452 1.4002172 1.7113640 1.8983573 1.8678395 1.3103821 1.4269672 1.2600082 1.5564856 1.6217986 0.9665551 1.1984601 1.1214756 1.5448974 1.3380186 1.4909508 0.3604411 0.2853643 9.0000000 1.3515944 9.0000000 1.8126802 
Protlace                                                                                                                                               1.3065559 0.0000000 5.1735353 2.0319481 2.2331444 2.2660143 2.5061028 2.2041278 2.1078798 2.4844915 1.9965606 2.4295060 2.2399925 2.6249002 1.9599828 2.1109899 1.8891071 1.8513549 1.8705183 2.1525710 1.7711130 2.0234844 2.2804209 2.4759292 2.6256713 2.3352989 2.0503390 1.5991773 1.8329161 2.1827230 1.9877324 2.0837198 2.2485639 1.9740553 1.3251447 2.2277296 3.4700743 1.9268693 1.8151645 1.7357572 1.8295952 1.8590939 2.2902529 1.8511268 1.8531617 2.1615330 1.6628935 2.7130648 2.2032190 2.5031752 2.2884950 1.8101818 1.9727384 2.0150129 1.9104588 2.0416185 2.4823535 2.1668367 1.5835735 2.0926348 2.2349169 2.1039317 1.7704728 2.1196250 1.7796804 2.6370757 3.1335654 2.6065118 2.3714176 2.6395783 2.4378200 2.2401658 2.4458569 2.1838854 2.2972639 1.9374674 1.9442014 1.7970471 3.3038578 2.5680190 1.9056939 1.8458241 1.8750672 1.7689570 1.7206639 1.5935589 1.8023238 1.9689645 1.9019138 2.0133032 1.7243331 1.6585727 1.7899039 1.6966025 1.9773323 1.9168258 2.2462602 2.1192880 2.1214764 2.0361261 1.7965780 1.5644538 1.8815895 1.8236186 2.0001069 1.6894851 1.9817439 1.9196082 1.8809488 1.9886629 1.8321496 1.8595948 1.7915799 1.8183065 2.1816314 2.0599086 2.1333856 1.7938611 1.9799759 1.7646912 1.8414078 1.8365243 1.7536388 1.8074905 1.9727441 1.8461446 2.2533029 1.6891907 1.9814634 1.9768642 2.0710695 1.7814425 1.9521344 2.0237122 2.0457034 1.9416734 1.5633900 1.7337627 2.1083249 2.2104072 2.1688568 1.9323282 2.9109344 2.4591930 2.3032618 2.4024882 1.8342037 1.9567851 1.9053280 1.9345751 2.0074075 2.1252913 1.9924972 1.8940783 1.9359926 2.0301608 2.0459042 1.8474750 2.3589432 2.0696331 2.1352741 1.9213612 1.8360526 2.1435751 1.9324968 2.4299899 2.3911395 2.4791269 2.2913902 2.3617026 2.0478569 1.9711242 2.0915394 2.6894999 1.7738114 2.2926510 
Styllemn                                                                                                                                               4.8035658 5.1735353 0.0000000 6.7544568 6.6147053 6.1181179 6.7666698 6.7665270 6.6608374 6.4283360 6.4203220 6.1066358 5.6226808 6.5767924 6.4125807 5.7936885 6.1379959 5.3743368 5.6035286 6.0541907 6.5511917 6.0794751 7.0092606 6.3742474 5.8533902 6.1814929 6.1784611 5.3016672 5.4066451 5.4961681 5.1057292 6.4046884 6.3528091 4.0614856 7.7420935 6.7070035 6.3733310 5.9267581 6.0509541 5.3685222 5.6464551 6.1081474 6.5378600 5.8781778 6.2414817 6.8309695 5.8698440 7.0925559 5.8552493 6.8242571 6.3463171 6.1849383 6.9211152 5.4128496 5.1464649 5.8910897 6.0641714 7.2375012 5.2737555 5.9118543 5.7587077 5.7401979 5.7070159 5.8387243 6.8005708 5.9391538 6.5441741 6.7186121 5.5224128 6.4729758 6.4566035 5.9871784 6.6720535 6.2719151 6.7880981 6.1609495 5.7492833 5.5453597 7.9098640 6.2564828 4.9256455 5.6198665 6.2219701 5.3870313 6.1737926 6.4047689 6.1674821 5.8142692 5.8264461 6.4915578 5.6389127 5.3335365 5.1660097 5.8113485 5.8758697 6.2899018 7.4827364 5.6537685 6.2821664 5.9901311 5.3703032 6.8395175 5.5778496 5.0860575 5.3754257 6.1355489 5.7750375 5.8096794 6.4055280 6.0555951 5.8462590 5.8421600 5.4687086 4.9560918 6.0227090 5.1941131 5.9493783 5.8401657 5.6026225 5.2651694 6.1610725 5.2360866 5.3379388 5.3948667 5.1368517 5.2902110 6.6424279 5.4061454 6.1626342 6.0499669 4.5745055 5.9591697 5.5504890 6.2197103 5.9306291 6.7778986 5.9929186 4.9027956 6.1624198 7.1330304 6.2436405 6.2456287 6.1944628 6.3741695 6.8157983 6.5137746 5.4385188 6.0199662 5.7403559 5.5956749 5.3765333 5.2022300 5.9203214 5.6374584 6.1077716 6.1205420 5.9490111 5.1896635 6.3964095 5.5254845 6.3819016 4.8696893 5.5230887 5.9323849 5.4902088 5.6204723 5.6307059 8.2276433 6.4983788 6.5380672 5.9739808 5.9766081 7.0067733 6.9556879 6.4146163 6.5294995 
Nephpyri                                                                                                                                               1.3910080 2.0319481 6.7544568 0.0000000 1.3396934 1.3922231 1.0752949 1.8566010 1.0527357 1.5579586 1.9420614 2.7340243 2.1088028 2.7312337 2.0008649 1.9736604 2.0339640 1.7615409 1.8716468 1.9977375 1.8459413 2.0736594 2.0182977 1.9863112 1.9845136 2.1767155 1.8300665 1.7983748 1.9156067 2.0670423 1.9324577 2.0188802 2.2059577 1.8659227 1.6868743 2.2485471 2.5745848 1.8302157 1.7306760 1.7140634 1.8646227 1.7326918 2.1384601 1.8301955 1.9477166 2.4859078 1.8961004 2.4369495 2.1024357 2.4767806 2.5071845 1.9137929 1.6982247 1.9323820 1.6720656 1.9143268 2.4244491 1.9767885 1.9486588 2.5457017 2.1120044 2.0903756 1.6186582 2.0410567 1.7891705 2.8275416 3.6317869 2.5606008 2.2636703 2.3152188 2.5726789 2.1363243 2.3912956 2.3054557 1.8868201 2.0543857 2.0407308 1.6704042 1.9301043 1.8200314 2.0779956 1.7566225 1.8424040 1.9991661 1.5619716 1.5789183 1.6961701 2.0543553 1.7601971 1.9196973 1.9213935 1.6894299 1.9070955 1.7785047 2.0156179 1.5917767 2.1526039 2.0202927 1.9496257 1.8606855 1.9028221 1.6890996 1.8294295 1.8355248 1.7715138 1.7379024 1.9223548 1.9678820 2.0462911 2.0664318 1.9484730 1.8966359 1.7017033 1.7150556 2.0910747 2.1439396 2.1398250 1.7773730 1.7474455 1.8483036 1.7161654 1.4019352 1.7264344 1.7515832 1.6983523 1.3444976 2.2890157 1.7929010 2.1195997 1.9811807 1.9329899 1.6600345 2.1723547 1.9689301 1.6010179 2.0013570 1.7063338 1.8651593 2.2676439 2.0195615 1.9687544 1.7294593 3.0401670 2.1653820 2.3920651 2.4919320 1.7467834 1.9689709 1.9196306 2.0657655 2.1296450 2.1400038 2.0011725 1.9937898 2.1971541 1.7993021 2.0430315 2.2247257 2.0024989 1.8639355 1.9016418 1.5030759 1.8363855 1.9647679 1.8096822 2.2694216 2.0702942 2.9729156 2.5580745 2.2684485 1.9299849 2.0072790 2.5248881 2.3230810 1.8772938 2.1436184 
Tetrasti                                                                                                                                               1.6608730 2.2331444 6.6147053 1.3396934 0.0000000 1.5006933 1.2047820 1.8846498 1.1738336 1.3523220 2.0871432 2.5676511 2.4209433 2.8306976 2.2015316 2.3760216 2.1111494 2.0213692 2.1045638 2.1864083 2.2392551 2.2285298 2.2655941 2.2638363 2.1991774 2.0498502 1.8703642 1.7377212 2.1184626 2.6316090 2.2589936 2.3213976 2.2724715 1.8960146 1.7881118 2.4211933 3.0859646 1.9908949 1.9982919 1.9257613 2.0006881 2.0317476 2.3236180 2.1896480 2.2223390 2.7949915 2.2151284 2.7112819 2.1102838 2.6351037 2.4229067 2.0090185 2.0480401 2.1884915 1.8125653 2.1239420 2.4086266 2.1854818 2.1831950 2.2169982 2.2219031 2.3943440 1.9033925 2.2348044 1.8239091 2.8146133 3.5038988 2.6141470 2.6751107 2.4826661 2.7834976 2.2572480 2.5300156 2.4264551 2.0660186 2.1008412 2.1224415 1.9991519 2.0799399 1.9051724 2.6603173 1.7824229 2.1412999 2.1374801 1.7370301 1.8538216 2.1767899 2.1059187 2.0066571 2.1018534 2.1124209 1.9380544 2.0041427 1.8726456 2.1529848 1.9321668 2.2040666 1.9384530 2.0952565 1.9397146 1.9072759 1.5143565 1.9441667 1.9234941 1.9053774 1.9326526 1.9499756 2.1527945 2.1769610 2.1565715 1.9831377 2.1580841 2.1249315 1.8975053 2.2713323 2.5071556 2.2511843 1.7767189 1.7737972 1.8662248 1.9823572 1.6524809 1.9164428 1.8930369 1.9901645 1.5110507 2.5418976 2.0651070 2.1165817 2.1352231 2.0966485 1.9622179 2.2161339 1.9893000 2.0762618 2.3432019 1.7689485 1.9536358 2.2752587 2.1664766 2.1312999 1.9393532 3.3783602 2.2104942 2.5600540 2.5322748 2.0175034 2.2883508 2.2896883 2.1308366 2.0587374 2.2975389 2.0517611 2.1799191 2.2754603 1.8287049 2.3159619 2.1898210 2.1456819 1.8988929 2.2648469 1.7620083 2.2705950 2.0746621 1.9679972 2.2974447 2.3221318 2.8725500 2.5367824 2.3321684 2.2467540 2.2251010 2.5154577 2.9880852 1.7686048 2.0502929 
Mesoviri                                                                                                                                               1.8006533 2.2660143 6.1181179 1.3922231 1.5006933 0.0000000 1.2874438 1.4581501 1.4755562 1.9152633 1.9068000 2.4935547 2.1416705 3.0332821 2.3074384 2.2783800 2.1966147 1.8698165 1.8911152 2.1399791 1.9869842 2.0229719 2.2819329 2.0803355 2.0844306 2.2400514 2.1465812 1.7839095 1.9228092 1.7778401 2.0577412 2.0573181 2.6122421 1.8261076 1.8945042 2.2211163 3.0332085 2.1348665 2.0829746 2.1261381 2.0622323 2.2765006 2.1122798 2.2199968 2.2836874 2.6110741 2.0850951 2.5495267 2.4210043 2.5866309 2.3799933 1.8824486 2.0388188 2.1348395 1.8358871 2.2006357 2.4200115 2.1129118 2.2897350 2.3104733 2.3410552 2.1789175 1.9151038 2.2454147 2.0017768 2.5102470 3.0791696 2.6178156 2.2897382 2.4211984 2.6384379 2.2730495 2.1928130 2.0441398 2.0868694 2.0161408 2.3523359 1.8591218 2.1083356 2.1116657 2.4313100 2.0518727 2.2468531 2.4205097 1.9824718 1.9612237 1.9812442 2.2906708 2.0340076 2.3065169 2.1949177 2.0264264 2.0386388 1.9392867 2.2467312 1.9511576 2.2226661 2.1312924 2.2258358 2.2740581 2.0660589 1.6400166 2.0637385 1.7488161 1.8984068 1.9375082 2.1307998 2.0948940 2.1364380 2.3998622 2.1671523 2.0675704 1.8177199 1.9215451 2.1805365 2.2854406 2.2958566 1.8917964 1.8466034 1.9493645 1.8895245 1.5294881 1.7550457 1.8955351 2.0210326 1.6868716 2.5116999 2.2531473 2.1570767 2.0850699 2.1558728 1.7510311 1.9686983 1.9271055 1.9283688 1.8659915 1.9899463 1.9981275 2.4920179 2.1191323 2.1758517 2.2622517 3.4728046 2.3758709 2.4543797 2.6031338 1.9744605 2.0983960 2.0450692 2.0388102 2.2205124 2.2478677 2.1775999 2.1908652 2.1657710 2.0656888 2.1745648 2.1641501 2.1484542 1.9090372 2.1647947 1.7419470 1.9975946 2.1833912 1.9748040 2.3032194 2.0734711 2.4190001 2.5786476 2.3764648 1.9444862 2.0724043 2.6146859 3.3164162 1.9639807 2.4736800 
Chlarein                                                                                                                                               1.8241131 2.5061028 6.7666698 1.0752949 1.2047820 1.2874438 0.0000000 1.6522457 0.9112442 1.3190824 2.0025926 2.4027094 2.4121609 3.0253905 2.2110949 2.3475532 2.2117844 2.1680330 2.0968283 2.2269237 2.0153743 2.1113129 2.0590732 1.9995420 1.9753146 1.8188284 1.9862732 2.0522422 2.1413632 2.0806891 2.2934662 2.3418632 2.6717505 2.0119692 1.8041986 1.7309849 3.1002320 2.0420826 1.9133894 2.2670628 2.1322376 2.1804137 2.2254243 2.3341834 2.0640412 2.3977165 2.1994755 2.5591519 2.4110097 2.8726216 2.2051763 2.0220632 1.9119422 2.2849172 1.8559987 2.1953901 2.4344837 1.7460569 1.8832233 2.3266879 2.1532184 2.3237406 1.7330960 1.9974389 1.6766206 2.4758397 2.9679969 2.6189849 2.2850812 2.2232562 2.4939808 2.2501924 2.1257307 1.9409236 2.0703429 2.1345094 2.1654422 1.9742275 1.3277094 2.0329614 2.4811623 2.1855040 2.1954085 2.0971789 1.6402814 1.7492856 1.9530046 2.0490506 1.7890530 2.3802889 2.1554392 1.9228500 1.9465303 1.9102418 2.1381030 1.7336079 2.1804608 1.9921493 1.9920603 2.0321569 1.9601699 1.7561519 2.1002680 1.8509146 1.8609602 1.9395788 2.0067266 2.1763356 2.1621523 2.1989402 2.1787672 2.1260333 1.7865165 1.9372914 2.3812232 2.1453741 2.3723324 1.8441365 1.9403723 1.9981649 1.8880855 1.4152311 1.7951701 1.7860544 1.9850699 1.6560356 2.4712294 2.0467071 2.2207523 2.0181956 2.1481986 1.6929836 2.0312249 1.8775708 1.7877360 1.9691574 1.9373862 1.9403489 2.4629537 2.0594297 2.1848133 2.1703615 3.3441027 2.2913368 2.2888520 2.4758054 2.0661710 1.9300732 2.3046234 2.1910251 2.3064492 2.3449892 2.2550977 2.1203191 2.1436848 1.9936673 2.0650821 2.2366429 2.3417912 1.9407745 2.0192278 2.0184427 2.1527973 2.1842611 2.0507518 2.3825046 2.2925069 2.9826640 2.7199854 2.4004882 2.1884727 2.1611729 2.6642185 2.7491206 1.8968837 2.0957659 
Prascaps                                                                                                                                               2.0097342 2.2041278 6.7665270 1.8566010 1.8846498 1.4581501 1.6522457 0.0000000 1.3548992 2.0151472 2.2061732 2.8743220 2.4901447 3.0385617 2.2043255 2.2267160 2.0255439 1.9485391 1.9608290 2.0242749 2.2797892 2.2812413 2.0927274 2.1908151 2.1263454 2.0671740 1.9755219 1.9124288 2.0731619 2.3239959 2.0333787 2.1044994 2.4306708 2.1050450 1.9357410 2.5829754 3.1852466 2.2500322 2.0196799 1.8666149 1.9429808 1.8959143 2.2555575 2.2276796 2.3820138 2.8492080 1.9753353 2.6780487 2.1554326 2.9994282 2.3663761 2.0815779 1.9079163 2.2766586 1.8443502 2.2355013 2.5026252 2.0912034 1.8748108 2.0249680 2.1908723 2.3015593 1.7819289 2.2888546 2.0906416 2.8261363 3.3872420 3.1159385 2.6927795 2.5682887 2.8131607 2.2872563 2.2249161 2.2150458 2.1875991 2.0928150 2.0867666 1.9457292 2.5570583 2.1979629 2.3751658 1.8817999 2.2710763 2.2358969 1.8067943 1.7657631 1.9621637 2.1429711 2.0390436 2.2227177 2.1747647 1.7879255 1.9465388 1.8121406 2.1218631 1.9039262 2.5626601 2.0417709 2.3649954 2.3583268 1.9781614 1.6941917 1.9939110 2.0735661 2.0208841 1.7111671 2.0941171 2.0425106 2.0782712 2.2562036 1.9354631 2.0528791 1.7800766 1.8788815 2.3033901 2.3286985 2.3748143 1.8031173 1.8521462 1.8049036 1.8635223 1.4769840 1.8733231 1.8853827 1.9466800 1.6895883 2.4905672 2.1126795 2.0035768 2.1949997 2.1903455 1.9147894 2.3016903 2.0863387 2.0108345 2.1339555 1.6787675 1.9146121 2.4855454 2.2846691 2.1226692 2.1586532 3.3691469 2.5012196 2.5268001 2.2928407 2.0967276 2.2270970 2.0632342 2.0347999 2.2812314 2.1527466 2.0226369 2.0294076 2.2265779 2.0102634 2.3656366 2.3116586 2.3308120 1.9485504 2.1771192 1.7733257 2.0214542 2.1974084 2.1337364 2.3959599 2.3563907 2.9258717 2.9006964 2.2289443 1.9624575 2.0677274 2.5669691 2.7622530 1.4871365 1.9425496 
Dunasali                                                                                                                                               1.2992564 2.1078798 6.6608374 1.0527357 1.1738336 1.4755562 0.9112442 1.3548992 0.0000000 1.3194720 1.5924625 2.0989705 2.0251487 2.6397393 2.0113836 1.8354785 1.7177766 1.6663357 1.6892101 1.6230325 1.7342535 1.7415775 1.9855961 1.9437438 2.0758276 1.8629154 1.7701326 1.7149686 1.7663571 1.9769146 1.8914039 2.1045747 2.1138997 1.8735736 1.6947079 1.9014939 2.9041806 1.8132363 1.6855792 1.7506832 1.6742141 1.8583967 2.1801320 1.9438098 1.8818635 2.0259389 2.0022654 2.1828940 2.2583343 2.3953326 2.3401907 1.7266885 1.6536577 1.9592702 1.6495422 1.8208584 2.1585131 1.6688133 1.7396195 2.1625088 1.8717993 1.8727426 1.5686785 1.6092682 1.7390022 2.0216870 3.0300751 2.2841826 1.9277591 2.1518738 2.3004967 1.7643544 1.8505003 1.7552000 1.8415701 1.7877048 2.3234576 1.7594800 1.7951367 1.9637892 2.2691196 1.5940820 1.9353311 1.9367749 1.5603490 1.7385364 1.7554676 1.9406957 1.6847236 2.0760594 1.9076929 1.6439437 1.6289665 1.4298701 1.8709342 1.6454685 2.1837028 1.9929761 1.9243575 1.9455263 1.8856791 1.4138907 1.7015824 1.9817075 1.6319491 1.7361873 1.8219259 1.9171650 1.6860650 2.0192226 1.7451994 1.9169680 1.5433474 1.6698205 2.0748756 2.1041196 1.9077387 1.6511644 1.6964066 1.8339835 1.6689590 1.6023974 1.6504662 1.6259754 1.8006529 1.5748476 1.9143008 1.9777274 2.0322957 1.8059757 2.0419280 1.5914629 1.9096453 1.8155406 1.6870169 1.5495898 1.5496154 1.5679091 2.0540750 1.9238767 1.8196846 1.8177504 3.2039859 2.2011810 2.1452211 2.1651552 1.7733405 1.7953818 1.7905247 1.8316975 1.8999677 1.8334558 1.8139703 1.8741636 1.8377083 1.7398584 1.6619003 1.8046033 1.9287572 1.7592134 1.7500906 1.7948677 1.8198462 2.0281237 1.6787536 2.1588903 2.1997760 2.5552285 2.3173584 2.0751982 2.0622844 1.9823330 2.0562289 2.1795844 1.9593749 1.8982969 
Chlovari                                                                                                                                               2.0219393 2.4844915 6.4283360 1.5579586 1.3523220 1.9152633 1.3190824 2.0151472 1.3194720 0.0000000 2.1008449 2.6959684 2.6196149 3.0156355 2.5263970 2.4779496 2.4132382 2.0773185 2.2328591 2.3317954 2.3095698 2.4071124 2.4551001 2.2692190 2.3186192 2.2510308 2.2818257 1.9151265 2.0537068 2.5107810 2.2941725 2.4134445 2.7295946 2.1248899 1.8623998 2.6663866 3.4590695 2.1585805 2.3385216 2.3157020 2.1943118 2.3778552 2.3640118 2.4408162 2.4037097 2.9258284 2.3444857 2.7634880 2.5676597 3.1859826 2.7776494 2.2726239 2.3910345 2.6192008 2.1605997 2.2786339 2.8560857 2.2192285 2.3426613 2.5789216 2.4357688 2.5259961 2.0497616 2.2503683 2.0662475 2.9663272 3.6317263 2.6607008 2.4843596 2.6920672 2.8037959 2.5712995 2.5411810 2.4317342 2.4793217 2.3033263 2.5574513 2.4008590 2.3218657 2.1821826 2.7788550 2.1856257 2.0456541 2.1516342 1.8455275 2.0194810 2.2237243 2.2609414 2.3130986 2.6043404 2.4908673 2.3331737 2.3422588 2.2089001 2.3580426 2.0912594 2.5947500 2.0221971 2.2543600 2.2304284 2.2522389 2.0228872 2.2149205 2.3689955 2.1769816 2.3887370 2.3091053 2.5331729 2.4683033 2.4250327 2.2734078 2.3751417 2.3282067 2.2158159 2.3863763 2.7036176 2.4682280 2.1642043 2.2458545 2.4800356 2.3812281 1.9054063 2.2567760 2.3589962 2.1990644 2.0492328 2.4513432 2.1737814 2.4552773 2.5066982 2.6337773 2.2256467 2.5495762 2.3548631 2.2451471 2.1977773 2.0920340 2.1099500 2.6830380 2.5035253 2.3941058 2.1564795 3.4877178 2.4474210 2.6062033 2.5727047 2.1880981 2.3593449 2.5747071 2.4361438 2.3934003 2.5189693 2.3359374 2.3562496 2.4766450 2.2870083 2.7051954 2.5800021 2.6359985 2.1580269 2.4030129 1.8515962 2.4489565 2.3410163 2.2122478 2.4459542 2.6647719 2.9956234 2.8950268 2.5030065 2.3259642 2.2304604 2.6541057 3.3259685 1.8232926 2.2416333 
Parvatla                                                                                                                                               9.0000000 1.9965606 6.4203220 1.9420614 2.0871432 1.9068000 2.0025926 2.2061732 1.5924625 2.1008449 0.0000000 2.2241098 1.9664314 2.9758026 2.0123135 1.8754984 1.6485337 1.6122977 1.4140223 2.0401813 1.6119108 1.7592505 2.2774912 2.2471052 2.1403951 1.9940713 1.7755784 1.6333697 1.8044625 1.8600519 1.4488056 1.9875231 1.8901686 9.0000000 1.5468169 1.0252038 2.7397596 2.1588915 1.7496562 1.8106525 1.7335569 1.8231406 2.6609269 1.7847972 1.9117492 2.2949618 2.2532484 2.0633561 2.5603572 2.8398799 1.5809173 1.7323349 2.2529703 2.2070892 2.0998898 2.8332223 2.4207935 2.0426782 1.9560843 2.8182179 2.5471591 2.2439711 1.8861041 2.0924815 2.2377950 2.4992902 3.5312370 2.1063644 1.9882205 2.6210410 2.2034625 1.8233929 2.3541903 2.1585565 2.5496494 1.9859942 2.2297478 2.1231548 3.3596203 2.1929483 1.8805200 1.8487539 1.9208519 1.9076801 1.5189485 1.7758121 1.8685381 1.8920724 1.7464410 2.0535421 2.1231086 1.9208732 1.8918625 1.7829141 2.1481806 1.8610797 1.8691665 2.0700135 1.8876132 2.1542412 1.9221104 1.8361513 1.8394418 9.0000000 2.0350215 1.9552247 1.8416431 1.9084414 1.7151052 1.9234455 1.7899306 2.0696024 1.9071885 1.9511895 1.7628783 1.9716814 2.5067913 2.0515731 1.5426340 1.7067534 1.8776551 1.1768449 1.8910385 1.9221550 1.7517071 1.0004905 1.9696322 2.4114179 2.2174778 2.0273924 2.4467445 1.4765820 2.0814659 2.3584619 1.9046891 2.0107990 2.0323917 2.0879017 2.4968634 2.7433794 2.2600612 2.0072257 3.7741990 2.2340230 1.8972526 2.3903451 1.6527052 1.8331221 1.7561256 1.9142625 2.2117213 1.9858952 1.9374236 1.8821194 1.6949763 1.7434579 1.6959686 1.7962363 1.7550893 2.2543796 1.6087239 9.0000000 1.4153233 2.1678897 1.9267658 2.4142025 1.9836049 2.5637422 3.0923048 1.5290493 2.1463951 2.1757280 1.8411815 9.0000000 1.8556904 9.0000000 
Galdphle                                                                                                                                               1.9548028 2.4295060 6.1066358 2.7340243 2.5676511 2.4935547 2.4027094 2.8743220 2.0989705 2.6959684 2.2241098 0.0000000 2.1478295 3.2060156 2.8686250 2.7026926 2.5269945 2.2723823 2.3697364 2.3919045 2.5137645 2.7915867 2.4192237 2.7081600 2.8689021 2.5948369 2.7193899 2.2023762 2.5620365 2.7544627 2.3762275 2.8483165 2.8802138 2.5651892 2.1519419 2.8828771 3.2513904 2.5197746 2.7484339 2.2672139 2.6075959 2.4715898 2.8523175 2.4281374 2.9221023 3.4154585 2.5711680 2.6874599 3.0740390 3.1963967 2.8070733 2.4923832 2.8491643 2.3543150 2.4268757 2.5691918 3.0476317 2.8629437 2.8343332 2.7638214 2.6455656 2.8408210 2.5061322 2.6812241 2.6395601 1.0017507 3.3984927 2.5639553 2.2459468 2.3293953 2.8656946 2.6210889 2.7518388 2.6207219 2.8720021 2.8862429 2.9155904 2.6813100 3.1945235 2.4809880 2.6183410 2.4926626 2.6844539 2.4460624 2.4634368 2.5832278 2.6372294 2.8993212 2.6561112 2.6330488 2.6270106 2.4763290 2.6318842 2.5656301 2.7755653 2.7293584 2.7996031 2.3551682 2.6626742 2.4179816 2.2123075 2.3217518 2.3569523 2.5835954 2.3430847 2.6778670 2.4416756 2.8325963 2.7828431 2.6925955 2.5320781 2.5966555 2.7155342 2.4364714 2.6201529 2.7577730 2.7390105 2.3422222 2.4958280 2.4995464 2.4282028 2.5095515 2.5656639 2.4045539 2.8488763 2.4024165 3.2929997 2.7104822 2.7721037 2.5299440 2.8022553 2.7011099 2.9798747 2.8348875 2.6807005 2.9425867 2.5711052 2.5619347 2.8429983 2.6983475 2.9343933 2.5794072 3.7199371 3.1065343 3.2090411 3.1001283 2.5445283 2.6482805 2.6247101 2.5707283 2.8533088 2.8184000 2.5565708 2.6454930 2.8628531 2.6805271 2.7635618 2.7280427 2.7690438 2.3053812 2.7171528 2.0248869 2.4269776 2.6485475 2.3418048 2.6213957 2.6317014 3.1735743 2.7901660 2.4810349 2.7495196 2.7329030 2.5065472 3.4097814 1.9903611 2.7319499 
Porppurp                                                                                                                                               2.2710581 2.2399925 5.6226808 2.1088028 2.4209433 2.1416705 2.4121609 2.4901447 2.0251487 2.6196149 1.9664314 2.1478295 0.0000000 3.0172345 2.6946617 2.3848792 2.1761039 1.9767259 2.0373040 2.2835362 2.0484410 2.2740276 2.3816620 2.3785217 2.4707279 2.2918239 2.5245977 1.8477074 2.0246772 2.0502274 2.2770810 2.3038482 2.4120719 1.9844067 2.1141218 2.4698062 2.8907067 2.3030618 2.2914702 2.1933395 2.1589769 2.1013829 2.4642261 2.4322185 2.2741948 2.8067302 2.2506890 2.4962758 2.5294691 3.0247022 2.4078455 2.0211943 2.3267525 2.1708628 2.0339296 2.4361487 2.5201518 2.2503773 2.3279938 2.4230964 2.4916557 2.5380572 1.9895895 2.2509793 2.1346914 2.1376744 3.0881633 2.1732317 1.9090041 1.9865344 2.5699021 2.4273115 2.3178042 2.2640585 2.4705527 2.4096325 2.3512962 2.3257370 3.0682478 2.6637257 2.1224293 2.0882708 2.3445714 2.2668412 2.1200224 2.1749767 2.0763144 2.2200997 2.2556282 2.3323625 2.2857385 2.1873522 2.1747632 2.3672647 2.4249977 2.1039419 2.6065949 2.2867118 2.4334545 2.5341243 2.3526802 1.9003374 2.1814793 2.1212297 1.9660724 1.9458544 2.4072434 2.1780726 2.3018831 2.3901375 2.2952968 2.4517251 2.2144872 2.2518885 2.4980575 2.2613814 2.3554151 2.0669475 2.2288335 2.3046991 2.3285166 1.9807360 2.1482415 2.1862474 2.0935001 2.0588218 2.5940175 2.0098077 2.4122195 2.1554550 2.3392881 2.0855109 2.4587277 2.3214436 2.2177555 2.1845614 2.0789131 2.1644259 2.4923505 2.4582165 2.5338675 2.2799483 3.4340211 2.5851162 2.5267713 2.7079232 2.2283374 2.2816920 2.1268916 2.2552559 2.2368887 2.4283977 2.1463031 2.1047574 2.2715313 2.4238275 2.4500637 2.2313254 2.3205305 2.2223461 2.2324661 1.7797836 1.9486767 2.3503625 2.0722721 2.5597897 2.3811200 2.9387454 2.6774538 2.3297408 2.4342904 2.3990355 2.2625826 3.6059576 1.6740265 2.4721657 
Spirsalm                                                                                                                                               2.7571122 2.6249002 6.5767924 2.7312337 2.8306976 3.0332821 3.0253905 3.0385617 2.6397393 3.0156355 2.9758026 3.2060156 3.0172345 0.0000000 2.7109869 2.9490809 2.8152643 2.5736745 2.5612511 2.5246275 2.7526118 2.6543729 2.9785632 2.7761336 3.0109592 2.5047233 2.6754346 2.6129779 2.6364367 2.6996599 2.8399637 2.7826263 3.1970453 2.5926376 2.3959879 3.4266106 4.0360373 2.6955578 2.6978158 2.8035163 2.7458352 2.9848233 3.0813629 2.7408125 2.7490582 3.9712296 2.6408051 3.4571392 3.1230751 3.8415983 2.8161527 2.5924406 2.9123197 2.8087785 2.7543237 2.7154843 2.7964694 2.8506257 2.7550447 3.1394644 3.0780888 3.1766079 2.3191221 2.8783125 3.0493975 3.1350467 3.8355599 3.4178809 2.9484647 3.1692913 3.2245493 2.7714049 2.7228912 2.6765166 2.8966193 2.7263405 3.1084335 2.7894136 3.3409900 2.5985003 2.7501860 2.6391497 3.0373600 2.7392082 2.6489691 2.6940143 2.5914932 2.8604837 2.6780945 2.9810429 2.7161539 2.4704672 2.7101390 2.6734292 3.0388545 2.8063719 2.9680818 2.4802047 2.8182411 2.6593615 2.7285123 2.6451015 2.6652768 2.4233604 2.8619270 2.6931431 2.9542014 3.0371498 2.7255582 2.5233253 2.5692826 2.6481877 2.6906784 2.6946008 2.7741440 2.8187109 2.8535306 2.6738795 2.4357489 2.7981703 2.7469179 2.4590790 2.7202975 2.7238712 2.7197945 2.7827598 3.2810558 2.9013156 3.2825137 2.9459799 3.1055559 2.5676082 2.6324957 2.8943150 2.8592651 2.6399842 2.5736229 2.5645846 2.9313808 2.8594429 2.5917294 3.0338228 2.1986313 2.6340469 2.5473813 2.8065740 2.6881085 2.6691585 2.8296207 2.7208409 2.5899601 2.8352750 2.5081555 2.4583386 2.5834810 2.6033776 2.6061971 2.7483328 2.5658895 2.6796760 3.0901602 2.4320652 2.8703038 2.8092817 2.5874198 2.8853142 3.0905520 3.3725039 3.0753550 3.2602912 3.2835134 2.8891963 3.2602096 3.6175559 2.5019228 2.8882179 
Tricvagi                                                                                                                                               1.8695831 1.9599828 6.4125807 2.0008649 2.2015316 2.3074384 2.2110949 2.2043255 2.0113836 2.5263970 2.0123135 2.8686250 2.6946617 2.7109869 0.0000000 2.2419604 1.9544812 1.9811884 1.9450138 2.0727716 2.0000981 2.0622752 2.3553679 2.3505671 2.4171781 2.2300734 1.9004341 1.9480826 2.3924626 2.5998148 2.4135331 1.9848934 2.5417015 2.1469236 1.9237779 2.2623442 3.4761565 2.2974536 2.2802629 2.3079469 2.1773970 2.3062355 2.6006350 2.2943283 2.2687895 3.1149057 2.0210557 2.9216854 2.4595791 2.9645529 2.6481081 2.1356010 2.2541765 2.1748280 2.0200457 2.2787775 2.4879515 2.3777905 2.2770654 2.4658405 2.3414961 2.4845474 1.9978643 2.1607880 2.0580707 2.9753732 3.2262442 2.9982039 2.6288674 2.9639434 3.1255543 2.2674215 2.1542072 2.1540142 2.0575467 2.0638357 1.9308750 2.1148767 2.7543040 2.5105126 2.4649867 2.2492704 2.5681855 2.4912332 2.0325769 2.2071228 2.3023673 2.4599900 2.1394973 2.4508649 2.1342348 1.9111845 2.0686654 2.0109643 2.1599084 2.1604367 2.7421572 2.2131126 2.3180501 2.1668550 2.0620079 1.7683984 2.0107573 1.7343799 2.1402183 1.8504294 2.3400866 2.1100286 2.0599062 2.2620908 2.0244230 2.1180489 1.9186651 1.9320393 2.2982924 2.3601565 2.2266963 1.8173682 1.8191149 1.6971689 1.9960880 1.8050538 1.9037632 1.9335396 2.0659286 1.9584959 2.4884071 2.0756484 2.2363990 2.1103981 2.5671814 2.0273654 2.0200118 2.1233333 2.1254809 2.1266083 2.0160954 1.7760461 2.2708664 2.0677211 2.0658978 2.0923237 3.0276605 2.1839131 2.0488326 2.3727352 2.0946684 2.1488843 2.2101778 2.1166439 2.1600609 2.2384176 1.9870585 1.9690584 2.1728114 1.8370334 2.3163492 2.0461360 2.3252473 2.1451789 2.3302762 1.7912961 2.2476550 2.1522235 2.0291837 2.5230032 2.4429745 2.9488274 2.7232923 2.5213585 2.1823894 2.2143614 1.8948501 2.7552950 2.1317782 2.7052593 
Monobrev                                                                                                                                               1.6183777 2.1109899 5.7936885 1.9736604 2.3760216 2.2783800 2.3475532 2.2267160 1.8354785 2.4779496 1.8754984 2.7026926 2.3848792 2.9490809 2.2419604 0.0000000 1.6423115 1.3919358 1.5544999 1.8070969 1.8157727 1.9918619 1.9207460 1.8325378 1.8223086 1.9034368 1.6037625 1.3830709 1.8971600 1.7895865 1.8602311 1.9393268 1.8662345 1.8784145 1.5168499 2.3656730 3.2246805 1.9296184 1.8322818 2.0503335 2.1290638 2.1634489 2.6737822 1.9642394 1.8260901 2.6121019 1.9404327 2.3675262 1.9825376 2.4716486 2.1926924 1.8054721 1.8054897 1.9629016 1.7516520 2.0749623 2.3045660 1.8334331 1.6577312 2.0201030 1.9837508 2.1884252 1.8548021 1.8714206 1.8763439 2.5681614 2.8832030 2.4739423 2.3348558 2.3453401 2.2215115 1.9759609 2.1618193 1.9712194 1.8306646 1.8886437 1.9938023 1.8059638 3.1310249 2.2253695 2.3201726 2.0904800 2.1086573 2.0054222 1.7733433 2.0499882 1.7806239 2.0944457 1.9848879 1.9794987 2.1357103 1.7282339 1.8426416 1.8772899 1.9262233 1.8513229 2.4158233 1.8544694 2.0095624 2.0880614 2.0310050 1.5402876 1.8708189 1.7579563 1.6566333 1.8461640 2.0809341 1.9022253 1.9649728 1.9956202 1.8615186 2.1029637 1.8441389 1.7395162 2.0049318 2.0798971 2.1774557 1.8549495 1.9544015 1.7792227 1.7724698 1.5623069 1.7524336 1.7559151 1.8567319 1.9367976 2.2246638 1.9236288 1.9621671 1.8672848 1.7926476 1.7433111 2.2167397 1.7466782 1.7565201 1.7079201 1.5663035 1.6362374 2.2400032 2.1037528 2.0303710 1.7267157 3.4901794 2.3664547 2.1714616 2.3139134 1.7977208 1.9057262 1.6810008 1.6855774 1.6826520 1.9050621 1.7946975 1.8544247 1.9875228 1.5916923 1.8451951 1.8488338 1.8549243 1.6067444 1.1027719 1.4022363 1.7854520 2.0926990 1.7594877 2.5019889 1.7501757 2.4985542 2.3546781 2.1485850 1.8474340 1.9021832 1.6153373 2.0700739 1.7842678 2.0689000 
Nemavect                                                                                                                                               1.7058181 1.8891071 6.1379959 2.0339640 2.1111494 2.1966147 2.2117844 2.0255439 1.7177766 2.4132382 1.6485337 2.5269945 2.1761039 2.8152643 1.9544812 1.6423115 0.0000000 1.3574614 1.1710604 1.6379085 1.7250134 1.7941278 1.9002420 1.9266925 2.0946968 1.5820369 1.3701112 1.5980400 1.9676528 2.1489197 2.0854717 2.0101970 1.9155831 1.7818210 1.3900587 2.4985388 2.8176757 1.9681066 1.8659914 1.7729260 1.8054871 2.0035863 2.4377810 1.7569680 2.0195844 2.6700492 1.8847011 2.3228528 2.0896676 2.6152832 2.4277952 1.6872458 1.5957434 1.6338721 1.3782974 1.9762005 2.2734438 2.1778856 1.9110500 1.9649586 1.9245096 2.3497358 1.7197512 2.0115594 1.6841733 2.7100433 3.1632620 2.5280452 2.2925952 2.4326836 2.6462434 1.8910117 1.8444677 2.0147324 1.9459494 1.7688476 1.6478125 1.7408054 3.0418626 1.9502717 2.3010514 1.8474337 2.2168282 1.9071610 1.5990858 1.8655867 1.7084549 1.9938346 1.8492524 1.8105193 1.8584785 1.7441680 1.9264436 1.6767987 1.9043333 1.8704161 2.5498382 1.9876371 2.1330536 2.0188333 1.8429126 1.4139453 1.5861146 2.0185611 1.5722556 1.4914712 1.7641863 1.7023208 1.8966763 1.8093875 1.6404820 1.9399806 1.5699355 1.5139449 1.6939994 2.1014955 1.9601564 1.5814218 1.6076413 1.4747587 1.6917444 1.5729638 1.5248995 1.5356235 1.6893744 1.5575790 2.2878451 1.5871915 1.6876997 1.6047745 1.8760435 1.6698872 1.9915366 1.7836231 1.5717934 1.4772097 1.2988811 1.7386507 2.0853939 2.2937419 2.2296249 1.7964925 2.9495114 2.2554178 2.1226014 2.3137407 1.5213264 1.6290432 1.6002524 1.2686975 1.2132211 1.8064384 1.4537520 1.4910180 1.5567058 1.3940399 1.5060051 1.4073363 1.4579324 1.4615401 1.5596515 1.1146917 1.6678776 1.9005383 1.6701897 2.1042270 1.9337358 2.6152960 2.5921965 2.1013058 1.8796976 1.9815895 1.2009511 2.2953402 1.9899657 1.8097529 
Capsowcz                                                                                                                                               1.3741684 1.8513549 5.3743368 1.7615409 2.0213692 1.8698165 2.1680330 1.9485391 1.6663357 2.0773185 1.6122977 2.2723823 1.9767259 2.5736745 1.9811884 1.3919358 1.3574614 0.0000000 0.9883957 1.4769029 1.5567002 1.5209764 1.7459077 1.8952663 1.8505915 1.7435796 1.4544238 1.4232885 1.6131136 1.6370303 1.6896732 1.8338144 1.8390746 1.6464163 1.4440593 2.1233574 3.2686631 1.7122214 1.5648168 1.6623979 1.6663244 1.9042657 2.1819940 1.7073321 1.7182748 2.4626623 1.8299182 2.2118941 2.1328461 2.3950240 2.0773047 1.4555787 1.7290434 1.5442295 1.4325616 1.8332596 2.0515529 1.7288833 1.6913552 1.8065809 1.8227972 2.0064554 1.3957471 1.6082994 1.6603161 2.4378110 3.1825479 2.4063970 2.3987770 2.3761961 2.1045471 1.8147297 1.9151869 1.8482293 1.7509313 1.6821536 1.8076478 1.5744513 2.5783128 1.8309291 2.1319415 1.6545426 1.7254574 1.6894936 1.5141247 1.6635542 1.5764275 1.8469980 1.5598642 1.7957617 1.7171539 1.6036899 1.6352284 1.4332344 1.6949114 1.6807355 2.2539131 1.7611718 1.8546770 1.8164283 1.6914553 1.4076528 1.6558890 1.5992412 1.3961536 1.4554906 1.7472974 1.7390683 1.6572894 1.7306187 1.6354496 1.7862523 1.4366316 1.4066004 1.5936838 1.8152961 1.8243768 1.5978311 1.6053359 1.5988633 1.4907940 1.4155058 1.4069519 1.4806069 1.5588538 1.6032174 1.9436313 1.6472377 1.4345515 1.5693017 1.8494018 1.4901144 1.9482834 1.7395791 1.4356353 1.3605164 1.3946508 1.4618855 1.9661385 1.7283813 1.8139229 1.6196905 2.8917466 1.9987107 1.8793631 2.1222694 1.6570895 1.4959319 1.3240949 1.4647923 1.2456260 1.7574031 1.4847478 1.6998394 1.5318299 1.4843643 1.4882996 1.5985268 1.5326517 1.5306637 1.4788039 1.1702630 1.4357331 1.7276412 1.3812513 1.9455376 1.7658973 2.3355110 2.1667333 1.9945329 1.5808847 1.6832408 1.6141969 1.8226616 1.5696501 1.8609148 
Syssmult                                                                                                                                               1.2916719 1.8705183 5.6035286 1.8716468 2.1045638 1.8911152 2.0968283 1.9608290 1.6892101 2.2328591 1.4140223 2.3697364 2.0373040 2.5612511 1.9450138 1.5544999 1.1710604 0.9883957 0.0000000 1.4381792 1.6419291 1.4879410 1.6752522 1.9833372 1.9017935 1.6192976 1.2698113 1.2939914 1.7693509 1.7720867 1.7881102 1.7648987 1.7957765 1.6217439 1.3213593 2.1440651 3.1608936 1.9606720 1.5927212 1.5701929 1.7833840 1.6408843 2.1789820 1.7080917 1.5636234 2.5376612 1.6969162 2.4073653 1.8300453 2.2892897 2.1713070 1.4332210 1.5832672 1.6430333 1.4155651 1.8721061 2.1754187 1.8185485 1.7376263 1.8663341 1.6340544 2.0230018 1.4692063 1.8572241 1.7223800 2.5253151 3.1883668 2.5424192 2.3589522 2.2450555 2.5292809 1.7856645 2.0971456 1.8814499 1.8197719 1.6427520 1.7340658 1.6970225 2.3899933 1.8380532 1.9837282 1.7175417 1.9335683 1.8619781 1.5774800 1.6512940 1.5888527 1.9464323 1.5902393 1.9022959 1.6011239 1.5131473 1.5907508 1.3653587 1.6150709 1.6424126 2.0945635 1.7435346 2.0613205 1.9558999 1.6799641 1.2477494 1.6634852 1.7155036 1.4684834 1.5205080 1.6068675 1.7167554 1.6281424 1.7793198 1.6357237 1.8359921 1.5000030 1.4443119 1.8318279 1.9309353 1.9430508 1.5234501 1.6050973 1.3734196 1.3834520 1.5207214 1.5508704 1.3862364 1.6645791 1.6742839 2.3175292 1.6829777 1.5396797 1.6591545 1.8603819 1.5530111 1.9855682 1.7704939 1.5027692 1.5650749 1.2862303 1.5604536 1.9342702 2.1081946 1.9632402 1.7474668 2.9869461 1.9343124 1.7732126 2.0754521 1.4684720 1.4137004 1.4264294 1.3405559 1.2912547 1.5769855 1.4028158 1.4723744 1.5745559 1.2584674 1.5095242 1.3429539 1.5847940 1.4092066 1.5126859 1.1314754 1.6730684 1.7623039 1.3297383 1.8933558 1.7472866 2.5328464 2.3127158 1.8520323 1.7937588 1.8886764 1.5858516 2.0384429 1.5931869 1.4086509 
Sphadest                                                                                                                                               1.4470283 2.1525710 6.0541907 1.9977375 2.1864083 2.1399791 2.2269237 2.0242749 1.6230325 2.3317954 2.0401813 2.3919045 2.2835362 2.5246275 2.0727716 1.8070969 1.6379085 1.4769029 1.4381792 0.0000000 1.7450915 1.7187457 2.3176459 1.9945195 2.1519520 1.8209172 1.5204455 1.6538783 1.8041088 1.9795076 1.7067183 1.8306448 2.1417773 1.8995053 1.5611957 2.2397199 3.4152646 1.8831261 1.9097370 1.6901587 1.6980541 1.9256436 2.2589592 1.6773476 1.8278272 2.6771857 1.8752365 2.5205592 2.1834531 2.6307789 2.0897042 1.6181614 1.7741512 1.6711347 1.6688566 2.0872371 2.3316870 2.0337429 1.9927131 2.0826674 2.2103966 2.1667732 1.5812383 1.8419586 2.0199000 2.5593155 3.0805608 2.4691195 2.1974350 2.2819817 2.4854010 2.0728951 1.9139932 1.7321935 2.0972012 1.8919945 2.2350325 1.9310758 2.7692236 2.0716251 2.3065016 1.8646756 2.2816756 1.8403460 1.6014060 1.7865496 1.8545683 2.1269106 1.9030527 1.8250588 1.8187650 1.7789756 1.6663565 1.4792305 1.8295523 1.8950826 2.7085612 2.0842767 2.0013689 2.0999414 1.8819290 1.5446106 2.0614521 1.5511418 1.5849946 1.7349118 1.7932717 1.8823317 1.7958273 2.0186526 1.9270639 2.1234131 1.5366396 1.5685214 1.8332915 2.0350670 2.1526772 1.8138590 1.6661380 1.7497247 1.6960832 1.6818161 1.6400344 1.6106226 1.7335241 1.7711354 2.3790988 1.7880749 1.9106782 1.6389560 1.8876269 1.6860309 2.0978459 1.7572789 1.8140851 1.6397278 1.7449861 1.6715883 2.2884119 2.2455556 2.2357879 1.8712505 3.0169097 1.9724979 2.3061186 2.2872917 1.8403000 1.6804115 1.6510451 1.6800969 1.5533827 2.0503226 1.6973539 1.5660722 1.6536478 1.5343433 1.7758018 1.6867235 1.8005889 1.7705955 1.7833774 1.3877541 1.8063018 2.0764370 1.5133266 2.1904745 2.0023380 2.5147816 2.4163457 2.0951760 1.9377079 1.8989800 1.6529033 2.5684746 1.8655249 2.0389195 
