219
Protlace                                                                                                                                               0.0000000 1.7141032 1.1525792 1.0367156 1.4272522 1.1517634 0.9105046 1.3085967 1.1164795 1.3617844 1.4155841 1.1391914 1.6386017 1.2502102 1.3267374 1.2529156 1.8352139 1.9063859 1.7773302 1.3407221 1.1987418 1.6425035 1.2866712 1.0123755 1.1782159 1.7669766 1.3607404 1.3688956 1.0161827 0.6297710 1.0584442 0.9581174 0.7340239 1.0193204 1.0902572 0.9747762 1.1849661 1.0328957 1.3854683 1.3542013 0.8048788 1.1624544 1.3217972 1.0823048 1.3555109 1.0599490 1.1201894 1.0382864 0.9966466 1.1639168 1.2296364 1.2773959 1.0145104 1.2041155 0.7781268 1.1105818 0.8036602 0.9097580 1.1141570 1.1299935 1.0428033 1.1444961 0.9290663 1.7216810 2.0361051 1.2129567 1.5119217 1.0807785 1.4140814 1.4640050 1.4425997 1.4667705 0.8461979 0.9536028 1.0724796 1.3782795 1.1477887 1.1933921 1.4106881 0.9660312 1.2284062 0.8592674 1.0014268 0.8611837 1.4102245 1.0155179 0.8116843 0.8594417 0.8720013 0.8959322 0.9099911 0.7727484 1.0839800 0.9915064 0.8600912 0.7664212 1.0294347 0.8740115 0.9075022 1.0976936 1.0408018 0.9703229 0.6957056 0.7725435 1.0175696 0.7234442 0.7322691 0.8697115 0.6744135 0.8092056 0.7548477 0.8500508 0.8686151 1.5067318 0.7397256 1.2704448 1.1269372 1.2106238 0.9614430 1.2074907 1.3861014 1.1798829 1.5016850 1.3723163 1.4168155 1.3382909 1.3451659 1.5066767 2.0728550 1.7877429 2.4106265 0.9722744 1.0122598 1.1266972 2.3134585 1.7423698 1.6433952 1.5206383 1.6203391 1.1081128 1.3321271 1.2817832 0.8067724 1.2855471 1.3863594 1.2948984 1.7920501 1.2121999 1.0920911 1.0015487 1.0809239 1.2320274 1.4505173 1.8687222 1.4524951 1.3920510 1.5117755 1.0516490 0.9854724 1.2807508 1.1735660 1.2373760 1.4644399 1.2946404 1.0352783 1.2041320 1.1046638 1.2620292 1.4525337 1.2270221 1.0823306 1.2280572 1.3121299 1.3147800 1.3794715 1.5266869 1.1312780 1.2200371 1.4128305 1.1602426 0.9207704 1.1227422 0.8972492 2.7368508 1.1349224 1.0660373 1.1067153 1.3822686 1.1591534 1.4321834 1.1806510 1.6638027 1.2151317 1.1320236 1.4160020 1.1479948 1.6271468 1.2222191 1.0402064 0.9860322 1.0241416 1.1967677 1.2154940 1.2382779 1.3011867 1.4188655 1.5806277 1.2280726 2.6425106 2.2908902 2.0249258 1.5429214 1.8683857 1.4577874 1.6136174 2.2888936 1.1395346 1.1395346 2.5271451 
Parasacc                                                                                                                                               1.7141032 0.0000000 1.6494254 1.9791430 1.9552884 1.7889146 1.3538164 1.6749898 1.7301612 1.8516870 1.9236847 1.6778557 1.7107409 1.7580993 1.9834082 2.3624093 2.5405720 2.4276937 2.5046903 1.8531942 1.7659592 1.6206662 1.8568447 1.8785302 1.7739896 2.6463765 1.8583303 1.7177501 1.7443954 1.8141581 2.1109901 1.8541005 1.7604165 1.8420653 1.9242011 1.7446741 2.2339203 1.6860581 1.1069027 2.2966904 1.6801335 2.1531236 2.6519336 1.4252249 2.2954784 2.1271881 2.2246983 1.7798309 1.6407796 1.8459935 1.8383544 1.8341611 1.5862510 1.7855632 1.7408942 1.8946011 1.8141836 1.9986844 1.7553294 2.0097477 2.0681863 1.6410875 1.7821593 2.2331870 1.8156693 2.0286588 1.5074649 1.9257288 2.0250350 1.9008646 2.1175905 2.0313703 1.7475960 1.7945612 1.7694873 2.2938458 1.9735159 2.3005288 2.1404853 1.6871884 1.6457516 1.8456993 1.9671192 2.0795742 2.0292088 1.9509803 1.8576312 1.9505809 2.1118177 2.1956141 2.1458735 1.9095333 2.0632311 1.9178152 1.7390698 1.8278136 1.9796139 1.7303835 2.0679496 1.9465381 2.2740105 2.3135921 1.9806593 2.0578836 2.1116824 1.6736197 1.7236298 2.0490691 1.8887003 1.8415553 1.7839376 1.7090029 1.6897643 1.9215019 1.7655657 2.1627795 1.8953883 2.0857678 1.9206294 1.7541087 1.8826474 1.7487194 1.8951562 2.2925139 2.4029631 1.7885827 1.9552775 2.0407765 2.5431152 2.2240616 3.0636752 1.7643548 1.7997029 1.5881785 2.7739882 2.2254865 1.8751939 2.2056839 2.0786878 1.8782239 2.0237414 1.8591785 1.8311514 2.0640417 1.8483486 1.8430243 2.0943116 1.8983122 2.1397926 1.9645698 1.8684799 1.6156021 2.0681276 2.2023760 2.2871509 2.3414288 1.8819745 1.8864678 1.8053533 2.1641299 1.9061743 1.9286467 2.0456400 2.1404271 1.5786932 1.7451834 2.0223167 2.0792538 2.2248985 2.1578122 1.9262072 1.7098297 1.8679559 1.9525174 1.9093667 2.1441564 1.5898397 1.5996164 1.8166052 1.5852800 1.7318414 1.6441982 1.5976960 1.5309113 1.7188441 1.7744105 1.6359770 1.8934799 1.9812548 1.9546131 1.6739014 2.0744863 1.7077830 1.7286395 2.0677663 1.7918220 1.7604669 1.7575979 1.4520467 1.6859020 1.6117933 1.7083470 1.7100341 1.7047965 1.6975756 1.9410661 1.9207786 1.4959873 3.5107610 2.3276070 2.4429102 2.5770877 2.4748775 1.8257463 1.9050877 3.5295128 1.8074907 1.8074907 3.4515695 
Rozeallo                                                                                                                                               1.1525792 1.6494254 0.0000000 1.4758131 1.5961568 1.3310417 1.2223602 1.4019644 1.4901000 1.6449073 1.6282119 1.5032079 1.5165236 1.4661446 1.7483055 2.0280262 2.3834309 2.2599318 2.1326911 1.5713255 1.3919870 1.2931023 1.5548924 1.7369077 1.5136770 2.3746964 1.9010091 1.8926226 1.5399913 1.6756579 1.7794712 1.3510713 1.5445933 1.5731034 1.6730268 1.7995915 1.6689807 1.4465817 1.0063394 2.0217417 1.3913400 1.8201374 1.7874717 1.3198496 1.7021548 1.4578067 1.6816029 1.5659630 1.4435193 1.5119118 1.7659225 1.6755525 1.4400818 1.7084205 1.4048637 1.6206313 1.5898688 1.6481159 1.5607169 1.6434416 1.7930293 1.2677859 1.3162524 1.9128409 1.5738068 1.6848837 1.3173987 1.5197640 1.8488937 1.6410814 1.8873454 1.7295252 1.4677258 1.3812923 1.5672401 1.9471581 1.6674385 1.8181761 1.7878184 1.6997906 1.5983963 1.5713823 1.8434232 1.5498505 1.6799012 1.5487833 1.4683094 1.6016765 1.6046607 1.7717329 1.7232386 1.7411588 1.6937555 1.7169910 1.4064177 1.5210132 1.6196592 1.5879297 1.6028069 1.6422756 1.7212055 1.6439387 1.6570306 1.7715300 1.9012497 1.3875681 1.4676251 1.5523669 1.4457679 1.5563468 1.5428285 1.4619686 1.4455311 1.7510879 1.4282476 1.8341669 1.6865526 1.7521185 1.5725523 1.7324718 1.8464916 1.6266113 1.5325387 1.8215647 1.8841314 1.7132051 1.6699949 1.8902415 2.1291890 1.9682109 2.6928393 1.6145250 1.5877981 1.2475553 2.5602627 1.7822200 1.8353597 1.7584223 1.9224928 1.3850801 2.1001486 1.5462864 1.5585696 1.6005506 1.4356013 1.4932406 1.9824484 1.8142146 1.6678246 1.8493924 1.2560637 1.6459197 1.6607348 1.8642005 1.9939176 1.8260728 1.5897349 1.4864665 1.4992779 1.7027342 1.6512281 1.5089011 1.5414092 1.3291066 1.2055375 1.5249018 1.5501469 1.8412913 1.8486686 1.8583390 1.5309469 1.5050804 1.6003491 1.6771552 1.5689579 1.5167884 1.4091933 1.3859448 1.8074743 1.3634725 1.2038003 1.3730405 1.3525975 1.5426241 1.4381397 1.3260735 1.4005417 1.6061347 1.4925574 1.6710838 1.4215147 1.7032454 1.4796611 1.3760050 1.5540522 1.5228378 1.9958888 1.4350154 1.4182222 1.4031855 1.3441689 1.3424772 1.3022477 1.6541421 1.4147028 1.8253660 1.7456210 1.3440210 3.2744313 2.4875109 2.1730036 2.0970604 2.1480690 1.6340779 1.6908052 3.3425940 1.4120188 1.4120188 3.4139268 
Protadhe                                                                                                                                               1.0367156 1.9791430 1.4758131 0.0000000 1.6903983 1.4808399 1.1398435 1.5418828 1.3544129 1.5124460 1.8355791 1.5001908 1.7984023 1.2566331 1.8542893 1.7718717 2.1199527 1.9997030 2.0725269 1.5103690 1.4501583 1.4975149 1.5195345 1.5951422 1.4655718 1.9910735 1.7223608 1.5085746 1.3856142 1.4099880 1.7685895 1.4349949 1.3772272 1.4076397 1.4473811 1.5882057 1.5686459 1.3919684 1.1571809 1.8272695 1.3301305 1.5120814 1.7295195 1.2122028 1.8123579 1.6160442 1.7930005 1.5234951 1.3204289 1.5919437 1.5177557 1.7226111 1.3962798 1.7450934 1.4302537 1.6052873 1.2024083 1.6313175 1.3536675 1.3689772 1.4135609 1.1654230 1.2928607 2.4376350 1.6075204 1.3974311 1.1522684 1.4899444 1.5608384 1.6373523 1.6043026 1.5370085 1.2654561 1.2756414 1.2355319 1.8630288 1.7303131 1.8323373 1.8907225 1.5482458 1.3257693 1.5255313 1.5870304 1.5530600 1.7989374 1.3036970 1.3454531 1.5242033 1.5769428 1.5670849 1.5652875 1.6397849 1.5439617 1.5870765 1.4508013 1.4401794 1.4701604 1.3939197 1.4557792 1.5220514 1.4189095 1.4016618 1.4506083 1.6317218 1.8138055 1.4592272 1.4107225 1.5598488 1.3326647 1.5064900 1.4146599 1.3990740 1.4647560 1.8444593 1.4055144 1.4567575 1.5106744 1.4520427 1.4383823 1.7495176 1.8182982 1.5123305 1.6058369 1.7922547 1.7616686 1.8104352 1.7629616 1.5977374 2.0762561 1.7322482 2.6695337 1.4055850 1.5103460 1.2857344 2.6485379 1.7661799 1.9899105 2.0100485 1.7281195 1.3461150 1.6413883 1.7200881 1.4693767 1.6214159 1.5853903 1.6135848 1.9285977 1.5820995 1.6062820 1.5540692 1.4935472 1.8053247 1.7356240 1.8028952 1.8174822 1.6944498 1.4896564 1.5392018 1.4573996 1.6817351 1.4890633 1.5920580 1.6959496 1.7870877 1.4175106 1.4070810 1.6519178 1.6960531 1.8193908 1.6308327 1.5956663 1.6709750 1.9349425 1.6622635 1.5747397 1.7082035 1.3897752 1.5160864 1.8946463 1.3292461 1.3819291 1.4460036 1.3000307 1.3852729 1.3815249 1.4014065 1.3519838 1.7509623 1.4423734 1.7827921 1.3986068 1.6729476 1.2431727 1.3457673 1.4407481 1.6679306 1.9874531 1.5188330 1.3702615 1.3069879 1.3001726 1.4535649 1.3661964 1.6374923 1.4958536 1.4218981 1.7272745 1.2872983 2.9411608 2.1383619 1.9841543 2.1043832 1.9921230 1.4631046 1.6848375 3.3459297 1.4926434 1.4926434 3.0348416 
Batrdend                                                                                                                                               1.4272522 1.9552884 1.5961568 1.6903983 0.0000000 1.4481217 1.5154419 1.6278367 1.4457705 1.8399569 1.8336730 1.5666100 1.6414809 1.5051579 1.8476211 2.0235819 2.3470260 2.2579668 2.0955442 1.8051995 1.6108976 1.6132409 1.6058559 1.9285057 1.9346275 2.3443481 1.8992687 2.0936679 2.0266175 1.7136548 2.1495387 1.6571966 1.6412638 1.9183254 1.7241510 2.0064229 1.9570550 1.4885759 1.3143547 1.9474868 1.5703648 1.7218646 1.9154376 1.5059633 2.1417774 1.9320397 1.9224801 1.5399240 1.6248725 1.5867418 1.8581424 1.6791157 1.5855150 1.7583720 1.5884772 1.9136294 1.3874288 1.7155436 1.5110039 1.5634184 1.5515034 1.4732829 1.5339053 2.0604769 1.8038371 1.8906812 1.3860504 1.6825131 1.8227094 1.7582698 1.9440458 1.9070707 1.6668220 1.5799818 1.8028655 2.0267406 1.9386626 2.2653259 2.1160384 1.9204306 1.8604021 1.6448844 1.7627633 1.7272855 2.0290437 1.7482825 1.7263063 1.8255698 1.6595073 2.0266071 1.9945937 1.8103762 1.8820551 1.7144977 1.6918841 1.6335475 1.8221341 1.4801725 1.7042253 1.7639304 1.8746231 1.8658365 1.7098909 2.0334592 2.0587425 1.7069611 1.7046517 1.8783441 1.7848718 1.6781805 1.5850038 1.5833079 1.3352077 2.1815090 1.5781487 1.7681767 1.8256591 1.7020558 1.6642912 1.9269841 1.7109025 1.8189695 1.7160769 1.9438740 1.7299987 1.8389161 1.9090980 2.0946770 2.3257721 1.9690951 2.9286193 1.5211399 1.6990170 1.8827716 2.1603751 1.7196816 2.0418539 1.8893026 2.2473658 1.8750062 2.1165440 1.8900198 1.6380441 1.5652327 1.7357214 1.7704573 2.1419710 1.7722477 1.9015268 2.0322485 1.5795328 1.5220563 1.7324931 1.6767515 1.6549550 1.9157980 1.5299690 1.5066460 1.6495149 1.9841628 1.7294385 1.7421644 1.6248285 1.6344752 1.5671608 1.7427611 1.7676351 1.6197797 1.9301576 1.8704782 1.7453462 1.8103440 1.7966757 1.6972467 1.6679672 1.8780064 1.5424515 1.4606873 1.7389219 1.6488336 1.3695576 1.6025447 1.5089703 1.5846049 1.4851438 1.6068464 1.5390498 1.8865474 1.6523751 1.6627624 1.5839709 1.8338815 1.6151161 1.6975749 1.7684882 1.6534329 1.8700404 1.4993127 1.5404423 1.4720212 1.5424138 1.6121505 1.4402771 1.7676602 1.6228551 2.0213943 1.7918319 1.4323570 3.2858143 2.4647347 2.2128015 2.2109323 2.0938722 1.7786566 1.8684609 3.4451105 1.6393163 1.6393163 3.2845902 
Parvatla                                                                                                                                               1.1517634 1.7889146 1.3310417 1.4808399 1.4481217 0.0000000 1.0475766 1.0412028 1.0500430 1.2899548 1.2284043 1.2275077 1.4463758 0.9831293 1.7024427 1.6109122 1.9213171 1.6745411 1.9318255 1.5572830 1.1865474 1.1901047 1.3704000 1.5643110 1.5123551 2.2333075 1.6392274 1.5407203 1.2035328 1.4046031 1.4560332 1.2496996 1.4026660 1.3449050 1.3958595 1.6450592 1.7080521 1.1209546 0.9873292 1.6440754 1.2886579 1.4814516 1.4688313 1.0853827 1.8403724 1.5800900 1.7559609 1.3964349 1.1994092 1.4523888 1.4318417 1.4232257 1.2245479 1.4790239 1.2534873 1.4410810 1.1108292 1.4412439 1.2813422 1.3978176 1.1872043 1.2112171 1.3577260 1.8251294 1.5837660 1.4446619 1.3458589 1.2639811 1.5052128 1.4887612 1.3519599 1.4296033 1.3095356 1.2657933 1.2426640 1.9500760 1.4013791 1.6566909 1.7001563 1.5432623 1.4777651 1.3298532 1.4421396 1.4744115 1.5348255 1.4827099 1.4385083 1.4446846 1.3632662 1.4796798 1.5223245 1.4940749 1.5446176 1.3785989 1.2805142 1.3255371 1.4455293 1.1952494 1.3257530 1.3970933 1.5796775 1.4888422 1.3631112 1.6767039 1.6904111 1.4426337 1.4298559 1.6639686 1.4844148 1.3485110 1.2380623 1.1831764 1.3444506 1.7169447 1.2491406 1.4485881 1.5208805 1.5949703 1.5208995 1.4837029 1.4893410 1.3565338 1.3917082 1.7474545 1.7654256 1.6209165 1.7825279 1.6726522 1.7478347 1.7212686 2.7839461 1.4248846 1.5793895 1.2415704 2.1284382 1.5644024 1.7030586 1.8737701 1.9276100 1.3438998 1.6268310 1.4059408 1.3286940 1.3127604 1.3321684 1.4077926 1.6019725 1.4474364 1.8095895 1.8775130 1.3248026 1.4086020 1.3951902 1.5488667 1.5533029 1.4759532 1.1993012 1.5344942 1.3326078 1.6450509 1.4772409 1.2242370 1.5990014 1.4862346 1.3318161 1.4291762 1.3890591 1.6045298 1.7469782 1.6593267 1.4708103 1.3960816 1.5006946 1.4675486 1.3318394 1.6444616 1.2026484 1.2955501 1.2974617 1.3245993 1.1619231 1.2501038 1.0812379 1.2819473 1.1146815 1.2592634 1.2495879 1.5594939 1.2788223 1.7150489 1.3529106 1.2825898 1.1410706 1.1823790 1.4203082 1.2141759 1.5273896 1.0714815 1.2421242 1.1770855 1.0672614 1.0028057 1.0539610 1.2148283 1.1154483 1.5931789 1.3215095 1.0930579 2.8449990 1.9879880 1.7151348 2.0298777 1.8992798 1.5513890 1.5840382 2.8068055 1.2181470 1.2181470 3.1785057 
Nemavect                                                                                                                                               0.9105046 1.3538164 1.2223602 1.1398435 1.5154419 1.0475766 0.0000000 0.6258436 0.7774532 1.0282162 1.1083429 0.6492653 0.9053412 0.9314092 1.2756897 1.9204846 2.0595384 1.9640338 1.8029483 1.2090849 1.1557103 1.1989348 1.1298391 1.2261994 1.3004517 1.8262336 1.1957790 1.1093574 1.0407007 1.0501199 1.1925541 0.9969863 1.1246242 1.2908738 1.3776322 1.4047854 1.3231622 0.9850586 0.7622209 1.4259651 1.0856282 1.4874698 1.8392207 0.8330743 1.5456533 1.5307813 1.2951452 1.0945996 0.9778329 1.3185757 1.1978250 1.2579637 0.9873600 1.3218484 1.1099844 1.2262600 0.9526550 1.1510283 1.0846600 1.2048863 1.1128345 0.9237594 1.1272527 1.9711577 1.1407410 1.1717195 1.0270725 1.2212194 1.2918779 1.2739579 1.3023412 1.1942584 1.0085991 1.1591596 1.1953097 1.6492867 1.2130586 1.4348197 1.6215859 1.3839742 1.2952090 1.2605155 1.4572031 1.1399965 1.4038127 1.0199249 1.0696071 1.1926995 1.1865743 1.2709524 1.3001720 1.2539992 1.2952662 1.3564379 1.0149325 1.0947604 1.2978227 1.1971129 1.2202843 1.2963789 1.2169680 1.2869069 1.1761151 1.2301557 1.3104363 0.9817650 1.0799203 1.1880631 1.1230448 0.9100783 1.0592695 0.9966101 1.0623245 1.2081523 1.1691194 1.1384218 1.1948737 1.2417290 1.1756923 1.1846270 1.2828913 1.1149621 1.2019872 1.4804225 1.4372110 1.3651780 1.3803274 1.5268945 1.9109148 1.5170517 2.6449704 1.1486676 1.1916862 0.9168224 2.4006105 1.5658645 1.2405785 1.5650184 1.4394443 1.1039047 1.3877818 1.1411162 1.0324160 1.0573045 1.0753454 1.0637694 1.5830340 1.1671768 1.1086418 1.4855217 1.1517163 1.3732261 1.4008585 1.5765000 1.5231232 1.6123743 1.3372890 1.0182972 1.0312265 1.3051111 1.1082485 1.3594149 1.3817296 1.4228832 1.1020746 1.3316449 1.4378125 1.4445178 1.6753117 1.3821074 1.2577570 1.2480711 1.2937505 1.2826281 1.2571086 1.4605036 1.0299022 0.9870767 1.2907446 1.0689292 1.0006283 1.0005518 1.0082304 1.0483735 1.0545127 1.1107703 1.0098868 1.4214953 1.1700545 1.2967172 1.1521731 1.4575711 0.9793477 1.0507197 1.2948378 0.9765586 0.8509278 0.6592495 0.5316461 0.7351340 0.3981171 0.5859497 0.5810849 0.6623492 0.6828234 1.0562936 1.1119804 0.6021605 2.5691826 1.6517606 1.8502306 1.8027077 1.7666748 1.4239080 1.3456449 2.5367168 0.7303052 0.7303052 2.9123348 
Homosapi                                                                                                                                               1.3085967 1.6749898 1.4019644 1.5418828 1.6278367 1.0412028 0.6258436 0.0000000 0.9211225 1.2951555 1.2497566 0.9750767 1.1872037 1.1069305 1.6114535 1.9896373 2.2291745 2.0823678 2.0051750 1.3781195 1.2247573 1.0529790 1.3821507 1.5034662 1.4709794 2.1724884 1.5145663 1.5035398 1.3178285 1.2343902 1.6480887 1.2519233 1.4536990 1.5837583 1.6317377 1.7403718 1.4952107 1.0916118 0.7500200 1.7090887 1.3331224 1.7813139 1.8834717 0.9765477 1.8932523 1.6335152 1.8759547 1.2160433 1.2996756 1.5215534 1.3668712 1.3122906 1.2376983 1.4152208 1.4855892 1.4223687 1.0956306 1.3404821 1.2987679 1.1788933 1.2596461 1.2581782 1.4630255 2.1515113 1.3739894 1.4335179 0.9723261 1.4611962 1.4685865 1.6131390 1.5688201 1.4033881 1.4728239 1.4056109 1.3723242 1.9598401 1.5512658 1.7922598 1.9371206 1.7314905 1.4195217 1.5153930 1.6384991 1.5387716 1.6405402 1.4227226 1.3670173 1.4592197 1.4878418 1.7373911 1.5981776 1.4232141 1.5707923 1.4480815 1.3927413 1.5181763 1.6096192 1.5962817 1.5339804 1.6601839 1.5634896 1.6403695 1.5279624 1.5542353 1.6704674 1.3024066 1.4045115 1.4804097 1.5225833 1.2129078 1.3037367 1.0862423 1.3609684 1.4471678 1.4011042 1.4142376 1.4665535 1.4226547 1.3592190 1.2979152 1.4574308 1.3157671 1.4958074 1.7401457 1.5351882 1.6375700 1.6157036 1.5406675 2.1192158 1.5396020 2.4842350 1.4269557 1.3897221 0.9988953 2.4616292 1.5831522 1.6508077 1.6495461 1.8309247 1.1455415 1.6010711 1.4061033 1.3023034 1.1743438 1.3826056 1.3070758 1.7988151 1.5124813 1.5944923 1.9276746 1.4273833 1.6003405 1.5501665 1.6742008 1.5951419 1.6413004 1.3180803 1.2676086 1.2435529 1.2729897 1.4442237 1.4319359 1.5399144 1.4150809 1.2239874 1.3379438 1.6086168 1.6300639 1.6038943 1.5701399 1.3357043 1.5024417 1.3387948 1.4365384 1.3266832 1.7571100 1.0221784 1.0829420 1.3808968 1.4082212 1.1667303 1.2025446 1.2609235 1.3098433 1.2612902 1.3676564 1.3071156 1.5961038 1.3763608 1.6017897 1.4016675 1.4844885 1.1982828 1.0557646 1.4027512 1.0330034 1.1142637 0.7815905 0.7298968 0.8642401 0.5241550 0.3109829 0.5776207 0.8571799 0.7543237 1.3473847 1.2317816 1.0777800 2.7864058 1.8952595 1.9167457 1.9710184 2.0695655 1.6431345 1.4057592 2.9533654 0.7833714 0.7833714 3.1111654 
Syssmult                                                                                                                                               1.1164795 1.7301612 1.4901000 1.3544129 1.4457705 1.0500430 0.7774532 0.9211225 0.0000000 1.1133609 1.0546876 0.8090364 1.1464191 0.9757197 1.5604842 1.7754297 2.1879615 1.9598796 1.7390762 1.3564939 1.1201146 1.1643923 1.2252359 1.3521450 1.5119236 1.9849211 1.2932560 1.6206712 1.2847439 1.2707320 1.5701485 1.2809335 1.3491638 1.5455963 1.5080353 1.6126630 1.4185775 1.0128790 1.0862729 2.0628652 1.2662103 1.3929268 1.8824239 1.1056979 1.8860430 1.6188493 1.6509302 1.2509015 1.2342263 1.3260583 1.3232157 1.2037354 1.1732233 1.3131461 1.3270371 1.3768430 1.1189470 1.3207209 1.2281812 1.1374452 1.2843250 1.0607531 1.2958369 1.7963050 1.2983236 1.3426279 1.2251096 1.3263838 1.3111718 1.5694517 1.3966036 1.1985303 1.2396234 1.1917198 1.2689539 1.8608348 1.3711509 1.5513483 1.8823839 1.5632158 1.4146241 1.3043266 1.4693875 1.4427283 1.5037062 1.3777089 1.4755024 1.3271214 1.3114089 1.5381377 1.4284885 1.3235133 1.4800443 1.3627008 1.3895625 1.3470789 1.4103188 1.2689272 1.4443393 1.6191129 1.5080096 1.5079597 1.4076757 1.4350617 1.6214307 1.1931777 1.2036150 1.3938441 1.3964682 1.2017596 1.3391618 1.2233498 1.1820071 1.4069861 1.3781047 1.2841288 1.3402140 1.3415441 1.3995235 1.2942061 1.2453902 1.2578079 1.2363732 1.7583484 1.7717782 1.5381214 1.5644886 1.6123909 1.9176791 1.4914156 2.8000659 1.3318552 1.3793623 1.1941036 2.2067933 1.4647109 1.5046674 1.5085278 1.7395146 1.3462662 1.7483907 1.2578640 1.2725919 1.2484301 1.3160988 1.2573014 1.6048119 1.4806690 1.4214849 1.8200828 1.3214467 1.3645371 1.4654082 1.6905738 1.4786338 1.5464444 1.1290915 1.1193798 1.2260242 1.5032765 1.1697790 1.3509556 1.4473089 1.3617395 1.2088226 1.3038281 1.4245704 1.4463927 1.6320047 1.4566520 1.2420725 1.3356082 1.2974114 1.5414499 1.2018920 1.4871522 1.0333830 1.1643730 1.2984421 1.3013852 1.1222823 1.0538820 1.0786765 1.0499835 1.0916144 1.1838173 1.2438666 1.6370555 1.2617389 1.4147374 1.4158430 1.3282540 1.1788793 1.1717010 1.2607492 1.1940033 1.4678246 0.9907199 0.8893565 0.7277140 0.7482060 0.8584060 0.7843682 1.0749841 1.0132072 1.1752015 1.1814735 0.8731155 2.5108079 1.7385447 1.7726325 1.8604172 1.8684674 1.5279864 1.3945536 2.6033087 0.9670977 0.9670977 3.1639327 
Creofrag                                                                                                                                               1.3617844 1.8516870 1.6449073 1.5124460 1.8399569 1.2899548 1.0282162 1.2951555 1.1133609 0.0000000 1.4125709 1.1135294 1.5983028 1.2904562 1.7520341 1.8018580 2.2235195 2.0542344 2.0842742 1.6117632 1.2269432 1.3352847 1.6238922 1.6508450 1.6266276 2.0972803 1.5149481 1.4175162 1.3460435 1.5273333 1.6724765 1.2751753 1.4255865 1.4210768 1.3740545 1.6923419 1.8675200 1.4408025 1.0522138 2.0360086 1.4117446 1.6491891 1.5729687 1.3053983 2.1319273 2.0007859 2.1651951 1.5473988 1.3218072 1.5099891 1.5176047 1.5871522 1.1956370 1.5885341 1.3662396 1.5204237 1.2859504 1.3204107 1.3845787 1.3379196 1.3572435 1.2343227 1.4417166 2.0974740 1.5523359 1.6371657 1.3109968 1.5986208 1.3578989 1.8200512 1.7361051 1.4976073 1.3124593 1.4569737 1.5188084 2.0984205 1.7813114 1.9109103 1.8973151 1.7400795 1.4829915 1.4561981 1.5634026 1.6846538 1.5235384 1.3759223 1.4508662 1.5217052 1.4535327 1.4618398 1.4742936 1.5480166 1.3850394 1.5232370 1.4323525 1.4999328 1.6514135 1.4678877 1.6074658 1.5989314 1.6096197 1.6390395 1.4518487 1.7643603 1.6419758 1.3187409 1.4454835 1.6641541 1.5458967 1.4996911 1.4230994 1.4410542 1.3897865 1.4501015 1.3229799 1.4215024 1.4054830 1.6017481 1.4213112 1.5827887 1.4421303 1.4680847 1.3312167 1.6479357 1.6892710 1.8271943 1.7067130 1.6486226 2.1701209 1.6814486 2.7823762 1.3886014 1.4922797 1.4939729 2.3954557 1.8354653 1.7848880 1.7635497 2.0939547 1.6913808 1.9321716 1.7512733 1.5489844 1.5199125 1.6397505 1.6661915 2.1083092 1.6504176 1.7010073 1.7363168 1.4257683 1.7398337 1.8508077 1.7351387 1.6199688 1.6356085 1.4738274 1.2765352 1.3720071 1.7791128 1.5187961 1.4570527 1.4121831 1.6193670 1.4443470 1.5063567 1.3955546 1.5945648 1.5460956 1.6452403 1.6634450 1.5304362 1.7380644 1.6245792 1.4895336 1.4966433 1.3425845 1.4256936 1.6102178 1.5472364 1.3888170 1.4622443 1.2421914 1.4148822 1.3087215 1.3660151 1.3997498 1.7195854 1.6581005 1.7388893 1.4136399 1.5012089 1.4208408 1.4696032 1.7269649 1.2799188 1.6844693 1.3644099 1.3902188 1.3515682 1.1915709 1.2102051 1.2666798 1.2722956 1.4696195 1.6764324 0.5628927 0.8692032 2.9034782 2.0279762 1.9137455 1.8209425 1.9535809 1.7437674 1.4731236 2.7453457 1.4694611 1.4694611 3.0315172 
Sphadest                                                                                                                                               1.4155841 1.9236847 1.6282119 1.8355791 1.8336730 1.2284043 1.1083429 1.2497566 1.0546876 1.4125709 0.0000000 1.0639384 1.4630485 1.2487545 1.7503275 2.0589044 2.0807492 1.9064599 1.8318920 1.4396701 1.3618341 1.5278218 1.5447411 1.6431550 1.6825645 2.2564980 1.6547452 1.6113220 1.6003708 1.7337065 1.9971251 1.3708359 1.6206985 1.5754611 1.6218497 1.7878996 1.8036504 1.4039827 1.1423130 2.1524521 1.4029929 1.6073433 1.8922909 1.1978106 1.9268024 1.7766028 1.7051627 1.5271550 1.5005125 1.6041703 1.4219605 1.7515469 1.4356278 1.7582705 1.3148628 1.5758086 1.2990602 1.5998535 1.4396008 1.4892034 1.4912795 1.4904672 1.5867143 2.0884327 1.8745644 1.8838615 1.5264001 1.5981683 1.6422688 1.6108285 1.6920920 1.6004957 1.4281441 1.6254693 1.5418651 2.1464130 1.7874332 1.9787444 2.1854494 1.7536423 1.6464953 1.6906553 1.7252895 1.5572179 1.5177074 1.4317700 1.5359321 1.4886829 1.6062573 1.7635083 1.6957794 1.6310474 1.7097691 1.7296609 1.4282257 1.5001108 1.5514199 1.4854088 1.6475522 1.6586100 2.0995337 1.9989277 1.7828489 1.7445765 1.6837880 1.5587764 1.6965568 1.4738930 1.8673470 1.4598990 1.4448296 1.4434414 1.3944170 1.6815495 1.4924453 1.6566951 1.7349476 1.8685264 1.7517363 1.5640144 1.7864316 1.6497404 1.5053464 1.6275282 1.8230190 1.6513650 1.7652920 1.8322091 1.9088392 1.8652781 2.8821913 1.6294964 1.7084174 1.4017521 2.8159834 1.8060749 1.8835201 1.8518637 1.8846391 1.7567239 1.9183358 1.5576193 1.5369867 1.4772939 1.4105271 1.4189446 1.8147329 1.9161673 1.6835943 1.9501900 1.5539022 1.5330659 1.8068401 1.6634023 1.6972491 1.9153212 1.3980435 1.5080937 1.3650569 1.6245008 1.3335336 1.4071808 1.7730156 1.6255573 1.4324751 1.5599714 1.6486224 1.6151389 1.6600199 1.6993009 1.6141672 1.4275509 1.5120643 1.5490159 1.4396450 1.7211259 1.2904222 1.4635424 1.5502807 1.4385360 1.3003136 1.2709001 1.3197933 1.3070564 1.2984815 1.4596474 1.5034272 1.6270519 1.4064614 1.6586640 1.5252652 1.6108846 1.2946125 1.3923897 1.4474468 1.4430361 1.4857275 1.1975648 1.4221656 1.2737182 1.2001250 1.3154650 1.0895075 1.1648708 1.2286973 1.3668890 1.2665744 1.1556197 2.4086415 2.0004959 2.2515552 1.9686991 2.1580146 1.6442148 1.6149695 3.0863670 1.3775945 1.3775945 3.1104129 
Pigoviet                                                                                                                                               1.1391914 1.6778557 1.5032079 1.5001908 1.5666100 1.2275077 0.6492653 0.9750767 0.8090364 1.1135294 1.0639384 0.0000000 0.8692469 0.9817643 1.4158529 1.7482489 2.2723171 1.9903726 1.8660407 1.3603489 1.3283264 1.3213282 1.3279082 1.6206121 1.5194385 2.1264268 1.4644849 1.2459357 1.1682957 1.3293481 1.7643059 1.1934437 1.3054212 1.3925534 1.5117742 1.4547778 1.5394563 1.1166384 0.9699900 1.7010568 1.4153645 1.7248946 1.8643930 0.9733510 1.9559151 1.8040265 1.5718519 1.2950518 1.1500011 1.5106804 1.3244445 1.1617731 1.0696477 1.3685591 1.2485531 1.5321827 1.0880191 1.3903426 1.1924499 1.1833680 1.3524651 1.2328331 1.2419351 1.9588051 1.3668882 1.3931805 1.2624954 1.4168468 1.6105604 1.4997713 1.4853502 1.4156404 1.1211506 1.0975537 1.0917002 1.9158062 1.5416248 1.5605226 1.9385833 1.5073916 1.4293717 1.3786233 1.4176436 1.3949164 1.7166150 1.1893404 1.3088703 1.3245094 1.3671882 1.3671165 1.4253717 1.4227672 1.5731731 1.3666296 1.1783566 1.1736789 1.4038004 1.2708443 1.2047966 1.3137596 1.5279935 1.5534618 1.3284273 1.3209846 1.5289955 1.1110635 1.1415101 1.2222600 1.3080659 1.2100746 1.5029563 1.2463551 1.1490102 1.3862771 1.2240007 1.3717975 1.4684417 1.4060865 1.4305535 1.3961702 1.3159093 1.2377588 1.3696852 1.6928689 1.6582407 1.6489673 1.7445730 1.7562615 2.3183866 1.7181309 2.7814595 1.2931605 1.4959063 1.1679161 2.4085618 1.6671551 1.6320050 1.6762553 1.6378182 1.3004286 1.7733848 1.3087397 1.1969888 1.1595928 1.2879008 1.3429930 1.5548795 1.2491470 1.3699499 1.6220332 1.3637969 1.5952868 1.6521695 1.6536598 1.6178019 1.8558610 1.4389819 1.3264764 1.1485941 1.4632518 1.3164686 1.5087947 1.6131333 1.3880450 1.4149393 1.5886864 1.5175500 1.4933790 1.5339753 1.4975444 1.4919345 1.4289049 1.5525674 1.5332527 1.4609827 1.5463695 1.2362406 1.1586631 1.5508245 1.3155286 1.0601251 1.1366663 1.1165033 1.0392067 1.1594385 1.2440698 1.2345801 1.6679177 1.4475080 1.5381689 1.1309235 1.3841568 1.1756062 1.0553337 1.2808506 1.2345833 1.4125341 0.8733847 0.8364715 1.1523075 0.7611135 0.9290252 0.8789088 1.0917037 1.0932368 1.0710212 1.1406576 0.9326019 2.5435925 2.1016084 1.9689221 1.9024984 1.8547393 1.6174202 1.6675466 2.7583837 1.0112074 1.0112074 3.1421902 
Capsowcz                                                                                                                                               1.6386017 1.7107409 1.5165236 1.7984023 1.6414809 1.4463758 0.9053412 1.1872037 1.1464191 1.5983028 1.4630485 0.8692469 0.0000000 1.1846193 1.4796582 2.0607814 2.2179868 2.0430994 2.0705461 1.4623361 1.4892258 1.5589779 1.6554097 1.8008216 1.6897785 2.1762021 1.8032222 1.5762402 1.4864815 1.6926694 1.7581210 1.4645893 1.5755299 1.6839451 1.6196108 1.6180134 2.1832689 1.4073191 1.1239494 2.0222018 1.6593994 1.7998250 1.5975967 1.3399050 2.1190058 2.1161166 1.7692904 1.6299356 1.5144346 1.5708043 1.5337290 1.5378497 1.5276999 1.6131475 1.4599048 1.5343659 1.3513611 1.7343628 1.5048765 1.5214155 1.3439317 1.4465771 1.4650117 2.2782482 1.7937680 1.8060366 1.4862913 1.6814183 1.9657787 1.6970814 1.7223853 1.5214772 1.5694089 1.4618772 1.5405251 2.1676652 1.7381892 2.0244580 1.7421083 1.5012794 1.4731793 1.6601141 1.7469586 1.7095955 1.9578504 1.5671743 1.7123007 1.5503434 1.6615440 1.6480709 1.5895637 1.7117092 1.6216702 1.6415631 1.4515787 1.5547508 1.7155929 1.4902071 1.5227433 1.5245850 1.6311844 1.7684824 1.8211441 1.6634444 1.8910424 1.5074146 1.5323187 1.5830125 1.8364519 1.2709528 1.6357137 1.4781863 1.4584847 1.6232887 1.5505968 1.5213139 1.7427217 1.7002308 1.6174066 1.7617501 1.7084862 1.5750941 1.6802955 1.6994263 1.6944601 1.6528823 2.0164677 1.6870255 2.4011780 1.7852284 3.0612821 1.7741483 1.5645161 1.3087382 2.4351149 2.1300557 1.6211046 1.9125864 1.6813657 1.4525854 1.8333836 1.6731059 1.6091373 1.5685934 1.5081678 1.4651226 1.7993945 1.6349801 1.7281643 2.0484152 1.4622732 1.6801318 1.7741842 1.7387380 1.9092641 2.0225871 1.7014045 1.5130009 1.5703236 1.6971727 1.5375069 1.6192401 1.5946087 1.8031365 1.5086915 1.7016913 1.5401481 1.4942304 1.6916703 1.6949515 1.7428799 1.6194804 1.9127196 1.7671638 1.4780890 1.8083629 1.4853817 1.2768461 1.6807217 1.4452778 1.3468420 1.4652603 1.4886375 1.4332518 1.5526047 1.4129540 1.4863959 1.6833168 1.5960120 1.5249450 1.4088525 1.8510337 1.4751092 1.5365322 1.6226631 1.3049750 1.5596900 1.1313686 1.0922534 1.2209056 0.9689897 1.1907636 1.0853140 1.3412739 1.3203478 1.3637984 1.4140835 1.0406445 2.9197445 2.2298620 2.0008701 2.3003269 2.0615719 1.7695275 1.8010706 3.3633644 1.2285195 1.2285195 3.2289470 
Monobrev                                                                                                                                               1.2502102 1.7580993 1.4661446 1.2566331 1.5051579 0.9831293 0.9314092 1.1069305 0.9757197 1.2904562 1.2487545 0.9817643 1.1846193 0.0000000 1.5415603 1.8050840 1.9364856 1.7311339 1.7911925 1.4026630 1.1930384 1.3374086 1.4136691 1.4539001 1.5406482 2.0687916 1.6980541 1.3112843 1.2218079 1.3533679 1.3823768 1.1825205 1.5656509 1.3994762 1.3492825 1.6299778 1.4611138 1.1104797 1.0641144 1.8470297 1.2987417 1.5542146 1.5864532 1.0341129 1.9435002 1.7182727 1.6270545 1.2738621 1.2431407 1.0432842 1.5631871 1.4403172 1.2176907 1.4272487 1.3308605 1.5265474 1.2007728 1.5054607 1.3807862 1.3909746 1.4631603 1.1432328 1.3595271 2.1271753 1.5271165 1.3388299 1.5083563 1.4000333 1.5146939 1.5297549 1.5047562 1.3047964 1.4267898 1.3345298 1.3933715 1.6718178 1.3598820 1.6212761 1.8319213 1.5669770 1.4653496 1.4572505 1.4956855 1.4892675 1.6767595 1.4066870 1.3643309 1.3003623 1.4779777 1.4662567 1.4659641 1.3447304 1.5014868 1.3816576 1.3253216 1.3409478 1.3802306 1.2551539 1.5084237 1.4080121 1.6526221 1.5023193 1.5539829 1.3441675 1.6391686 1.2480311 1.2025221 1.2876146 1.2746277 1.2839750 1.3006147 1.1937033 1.2469125 1.7422270 1.4047224 1.1783948 1.6276290 1.6033189 1.5060203 1.4450105 1.4035412 1.4537109 1.2502909 1.4812901 1.4901557 1.6321085 1.6108734 1.5836463 1.9497068 1.7132906 2.6156626 1.5301216 1.6010068 1.1875179 2.3307234 1.7783929 1.6008079 1.5821812 1.6782594 1.3665218 1.5845961 1.2598622 1.1128482 1.3541199 1.4424219 1.4372845 1.7757152 1.5324573 1.5568482 1.5310621 1.2841786 1.3585025 1.3573776 1.5263524 1.3828294 1.5870236 1.1500820 1.2319717 1.1982026 1.3597185 1.4471725 1.1872317 1.3048736 1.3796868 1.2617120 1.3709828 1.2670468 1.3148914 1.4578051 1.3055980 1.4065608 1.4145339 1.5831977 1.4593242 1.1885335 1.2664506 0.9716740 1.1225464 1.3084330 1.2062146 1.0909957 1.1515256 1.1459877 1.2541873 1.1317438 1.1768962 1.3931028 1.3219702 1.1262565 1.4131979 1.2710194 1.3830052 1.1057312 1.2268019 1.2677181 0.6824011 1.4888402 1.0674095 1.1012133 1.0651374 1.0218449 1.0502887 0.9660934 1.0396746 1.1432684 1.0805242 1.3040416 0.9071842 2.8271628 1.8071284 2.0023665 1.9349530 1.9272559 1.4834271 1.7519690 2.6304093 1.0510981 1.0510981 3.0948013 
Naeggrub                                                                                                                                               1.3267374 1.9834082 1.7483055 1.8542893 1.8476211 1.7024427 1.2756897 1.6114535 1.5604842 1.7520341 1.7503275 1.4158529 1.4796582 1.5415603 0.0000000 1.7789189 2.1345688 1.9841275 1.9641108 1.2279340 1.4075939 1.5994197 1.5689256 1.8056320 1.7137179 2.4377456 1.7320611 1.4325518 1.4744171 1.4895255 1.8091262 1.2930476 1.6596454 1.6316270 1.7502007 1.8720906 1.8506703 1.3880045 0.9386794 1.8630569 1.5514565 1.9052703 1.6549411 1.2593743 2.3625261 1.8496781 1.7449921 1.3849893 1.1345331 1.5904525 1.2571322 1.7081109 1.4337643 1.8628260 1.5652664 1.6560805 1.3387217 1.5678990 1.4905192 1.3422859 1.4298566 1.4836869 1.6639218 2.4882664 1.5526561 1.5451713 1.1290933 1.4020792 1.5799563 1.6194318 1.4265822 1.3439289 1.2813906 1.3083942 1.5580904 1.9965373 1.7769138 2.0118933 1.9344232 1.7411132 1.6893038 1.6847485 1.7449214 1.7757973 1.8595458 1.5970882 1.6640281 1.5063447 1.5729979 1.7483706 1.5973224 1.5481204 1.7684621 1.8152341 1.3768169 1.5837908 1.8646572 1.5441644 1.5730167 1.5375295 1.6803722 1.5834688 1.6076067 1.7222784 1.7558313 1.2380863 1.3314323 1.5736919 1.5244504 1.1495928 1.5031054 1.3884246 1.4757295 1.5005932 1.4791620 1.5874021 1.7033012 1.6749394 1.4393884 1.7224480 1.8341592 1.8028013 1.4893257 1.6028159 1.6212142 1.3370619 1.6814797 2.1727461 2.3915501 1.8339175 2.5958792 1.3126419 1.5258805 1.4148207 2.5824664 2.0450816 1.9818547 1.9493001 1.6100387 1.6341178 1.4872261 1.4950916 1.3177442 1.2539775 1.3459277 1.3230197 1.8236362 1.4674598 1.3066773 1.4748946 1.0665540 1.7371840 1.6912103 2.1308019 1.9234770 1.8335568 1.5747177 1.5168849 1.3848819 1.7843933 1.4589218 1.6561122 1.6289350 1.4984817 1.3437799 1.5185091 1.5965569 1.4901670 1.7392848 1.5629480 1.4871585 1.5346705 1.5863436 1.4629062 1.5464485 1.7340677 1.3091352 1.3462175 1.6935234 1.2483424 1.2135185 1.1786969 1.4173790 1.4638160 1.2782882 1.3269589 1.4149346 1.5788439 1.6100711 1.2167695 1.3658890 1.9622764 1.3323913 1.3059975 1.4775360 1.4053926 1.7767358 1.4743004 1.5610363 1.4793696 1.6392126 1.5968745 1.5025299 1.7154698 1.8368140 1.6580765 1.9246183 1.4630729 3.0769476 2.0585128 2.1182961 2.2137994 2.0017383 1.9671141 1.6761420 3.2746545 1.6801357 1.6801357 3.3440038 
Paraconf                                                                                                                                               1.2529156 2.3624093 2.0280262 1.7718717 2.0235819 1.6109122 1.9204846 1.9896373 1.7754297 1.8018580 2.0589044 1.7482489 2.0607814 1.8050840 1.7789189 0.0000000 1.4633170 1.3059077 1.3732775 1.5494468 1.6777439 2.0068123 1.5935051 1.9564816 2.0948702 2.4710724 1.8244495 1.7707897 1.5608684 1.8530782 1.9931596 1.6866653 1.7064754 1.9625187 2.0322448 1.8407214 2.1369461 1.8341716 1.6092082 2.3312506 1.8850243 1.8401846 1.9743846 1.5292308 1.9516467 1.7002398 2.1324194 1.7792392 1.6499145 1.9425069 1.9122107 1.9758625 1.7577329 2.2114097 1.9011852 1.9246845 1.6319413 1.5829587 1.5799294 1.7125205 1.7575020 1.6613529 1.8116435 2.6563098 1.9161568 1.8515743 1.5066704 1.8738837 1.4559488 1.1299105 1.2970928 1.4074552 1.7122412 1.4246320 1.7274573 2.1262538 2.0839864 2.0893629 2.0168144 1.7991844 1.5857496 1.5856519 1.7023445 2.0080394 1.9082226 1.8248076 1.7311950 1.7153969 1.8763348 1.8016360 1.8872920 1.8291197 1.9549207 1.7789000 1.6877299 1.7774089 1.7918565 1.6219794 1.7072594 1.6156177 1.9084800 1.7694016 1.7154503 1.9184494 2.0173286 1.7002423 1.7885972 1.9064632 1.5801292 1.7957722 1.9325661 1.6643555 1.6623382 1.8267919 1.8173918 1.8220156 1.8112906 2.0101286 1.8819983 2.2925699 2.1026822 1.9256247 1.9758434 1.9135003 2.2591867 2.1048760 2.0581940 1.8723619 2.4004724 2.3410063 2.5328723 1.8478209 1.8882424 1.8251314 2.7468388 2.2863288 2.0941542 1.9647432 1.9422205 1.7037114 1.9101001 1.7292906 1.6110905 1.6609951 1.7116935 1.6581365 1.2051054 1.7804051 1.6472952 1.7592793 1.5448281 1.8062439 2.0218203 2.0064415 1.9034161 1.8789436 1.6464273 1.6754814 1.5308989 2.0772241 1.8276900 1.5538363 2.2338581 1.9879052 1.6244947 1.8503331 1.8657884 1.8261023 1.7410582 1.8908050 1.9260351 1.6650959 2.2379588 1.8965137 1.6293019 2.0915129 1.7420704 1.6636416 2.0042694 1.8025577 1.6583622 1.7239383 1.6792856 1.9194134 1.5512360 1.7974190 1.8710870 1.9730526 1.9275887 2.0001268 1.6603746 1.9166156 1.6712571 1.4881143 1.7777525 1.8000165 2.0861014 2.0122986 1.9880180 1.8945674 2.0551277 1.8095658 1.6667374 1.7977828 1.7893074 1.9607908 2.0294632 1.6945088 3.0830567 2.3480781 2.4538314 2.4283247 2.5002867 1.8068133 1.9957844 3.4385280 1.9631582 1.9631582 3.2304644 
Leismajo                                                                                                                                               1.8352139 2.5405720 2.3834309 2.1199527 2.3470260 1.9213171 2.0595384 2.2291745 2.1879615 2.2235195 2.0807492 2.2723171 2.2179868 1.9364856 2.1345688 1.4633170 0.0000000 0.6905145 1.2676461 2.1758785 2.1558552 1.8900702 2.1367173 2.5244775 2.3572927 2.7762316 2.1681581 2.3419336 2.1784519 2.3820412 2.3452101 2.1556588 2.1668201 2.3719020 2.2668373 2.3274190 2.5607701 2.0624470 1.7214033 2.5703862 2.1998304 2.2425566 2.7528477 1.7948678 2.2023571 2.1405929 2.5394689 2.2932088 2.0923423 2.2153694 2.3870669 2.4222979 2.1274328 2.3393145 2.1878059 2.2434151 2.2317988 2.2763966 2.0000486 2.3359773 2.2984908 2.0112054 2.2294878 2.6977148 1.8213467 2.0979741 1.5196287 2.2587482 2.0902615 1.6026008 1.9005595 1.8146286 2.0466080 2.2679647 2.1233995 2.6000902 2.3737156 2.7884906 2.5022045 2.1767936 2.0128377 2.3237505 2.3023609 2.4467486 2.2880397 2.2033279 2.1186715 2.3355645 2.4038496 2.5270878 2.3847002 2.4552746 2.1137332 2.3536773 2.0980031 2.1901861 2.1639297 2.1905405 2.1716702 2.3446272 2.3695335 2.3402131 2.4307083 2.3362001 2.5609095 2.1873671 2.2807760 2.4785160 1.9882934 2.3630613 2.1401699 2.1493568 2.1203150 2.4034891 2.1267925 2.0049466 2.3484743 2.4332638 2.2729605 2.4864024 2.4920874 2.2786875 2.1798045 2.0843095 2.2092844 2.4818668 2.4917401 2.3111825 2.6964900 2.6057744 2.7802313 2.2207395 2.1993004 1.6911181 2.9335348 2.7238526 2.0041383 2.4479080 2.5714121 2.0907036 2.1809241 2.0224852 1.8378238 2.1400641 2.0615317 2.0155641 1.4788268 1.9753705 2.1155841 2.2032713 2.1955458 2.2522233 2.1670572 2.1184076 2.2186117 2.1129822 1.9009436 1.9869583 2.0949715 2.2633070 2.2872618 1.8561436 2.3349801 2.1767819 1.9983125 2.1943507 2.3382868 2.2585910 2.4350491 2.2666219 2.3512869 2.2232681 2.4764724 2.2386626 2.1765602 2.3051475 2.0070620 2.2329624 2.3347399 2.0808080 2.0631009 1.9759124 2.0590806 2.0790237 2.0551259 2.2022128 2.0986081 2.2086671 1.9563309 2.4087442 2.1041475 2.5512721 2.0651716 2.0447616 2.2501367 1.9173691 2.2099972 2.1478053 2.3131314 2.2703382 2.0580452 2.0976192 1.8908445 2.1162984 2.1386826 2.2490135 2.2664939 1.9392267 3.5953634 2.4363064 2.7044381 2.4953747 2.6542259 2.1169120 2.2734127 3.7708964 2.1670921 2.1670921 3.3610213 
