208
Protlace                                                                                                                                            0.0000000 3.0341032 3.5293551 3.9664511 3.2925384 3.1766051 3.3801087 3.2552031 3.1290006 2.8956898 3.2350345 3.6567355 3.0276338 3.3956902 5.3269107 3.9311938 3.2834269 3.9366326 3.9889318 4.2495319 3.3125017 2.8842103 2.9206823 2.8997878 3.2407644 2.9851274 3.2131828 3.2034191 2.7531504 3.8660517 2.9801741 2.8912203 3.2288234 3.1808078 3.1606125 2.9190417 3.0264106 4.1353118 3.1624722 2.8392159 3.0944499 5.1487736 2.7910026 3.1227339 3.4688350 3.0969991 4.5071958 3.7637083 3.9029735 3.4142422 2.6917155 3.8052960 3.7712751 3.0374178 3.1546496 3.2742341 2.8252003 3.7484754 3.2418237 4.4954241 4.7918537 3.9622838 4.0397921 4.0114357 3.6024825 3.6818095 3.0162021 3.0981979 3.2186203 3.3969585 3.6752446 4.9679822 4.2861860 3.2085292 2.2809105 3.0747060 3.5446741 3.4300107 3.2558277 3.6154636 3.3241368 3.3838934 3.2050700 3.0525690 2.9512234 3.0237211 2.6761054 3.0003571 2.6727565 3.0309687 2.7240625 2.8652666 3.0516128 3.2054629 3.2389937 3.2815176 3.3679775 3.3201468 3.3194365 3.0011904 2.8198385 2.7314259 3.2002121 3.0009635 3.4238143 3.0609219 3.1702120 2.8791341 2.8898353 2.9425497 2.7029776 2.7886551 3.0716827 2.8112030 2.9540424 4.3082811 3.5125467 3.9149288 3.6234773 3.7584240 3.2253457 3.0981164 3.1501744 3.0809193 3.3645353 3.4802449 3.3940765 3.2917347 2.9407863 3.2656609 3.2307730 2.1118366 3.2148290 4.1589053 3.4722768 3.4158577 3.8428650 3.0996264 3.7020184 3.1842699 3.5237311 3.0748792 3.8806173 3.0478882 3.6910552 3.7129873 3.9437623 4.1613941 3.0186113 2.9984339 2.9378155 3.6173574 3.4926661 2.6455249 3.7422818 4.3186663 3.4130656 3.6511383 3.4821786 3.6441557 3.3633360 3.4238016 3.4337255 3.4296319 3.2696246 3.5812647 3.6598391 3.3132538 3.9143405 3.9667410 4.0636915 3.4945599 4.0117254 3.7387302 3.2835532 3.7306635 3.9592802 3.4187707 3.2922966 3.1619208 3.1969391 3.9804682 3.3904658 3.2870810 3.4012284 3.1997164 1.8553268 3.5286309 3.5949236 3.9214971 3.7683087 3.4131252 3.5581104 3.1410877 4.0164392 4.1543009 3.5392951 3.3280042 3.0479845 2.7902911 4.5300904 3.2233878 3.6130658 5.6835733 2.4909452 3.4606125 4.4099706 4.3315647 
Syssmult                                                                                                                                            3.0341032 0.0000000 1.4828146 1.7213137 1.7719857 1.6416451 1.7711471 1.4765088 1.2879518 1.7536974 2.1337000 3.7384246 2.5657387 2.4608975 4.9471228 3.1079692 2.3967411 2.8256436 3.6227407 3.1849529 2.4397041 2.0692297 2.1018723 2.2163569 2.3261207 2.2487680 2.4513407 2.3236383 2.1518638 2.6737626 2.2676781 2.3101585 2.9228589 2.6559950 2.7780816 2.5368192 2.5879756 3.6236085 3.1117543 2.6803805 2.4039592 4.5761913 2.5509677 2.3111917 2.6348490 2.6809222 3.2284008 4.0853049 4.0737862 3.2261638 2.7806726 3.2275541 3.3641507 2.6068525 2.9749706 2.6169939 2.4261146 3.1142165 2.6775107 3.4731072 3.6506993 3.2343907 3.1625528 3.1959111 2.8768298 2.9846070 1.9405275 2.0759239 2.1556445 2.0332329 2.4960722 3.6099534 2.6327286 2.3524075 2.0122498 2.1869859 2.2820163 2.8018422 2.3232745 2.8101390 2.4724717 2.6575682 2.4689519 2.3820018 2.5800465 2.5028467 2.4472551 2.4956029 2.5963328 2.8506063 2.7620601 2.9227719 2.8774089 3.1958006 3.0542506 3.1823394 2.8528894 2.9235869 2.8859551 3.0821984 2.6786689 2.5657232 2.9950379 2.8046247 2.5422464 2.3420875 2.5607319 2.1020623 2.1363121 2.2584322 2.2644983 2.3502605 2.3061218 2.2059936 2.4173017 3.2015874 2.7392671 2.9160289 3.0466513 3.0059299 2.3500138 2.1389901 1.9130431 2.0005293 2.0850097 2.6762988 2.6859088 2.1739963 2.1971377 2.2753468 2.1854736 1.8579290 2.3625714 3.0352365 2.4781260 2.6992914 3.0789777 2.0952355 2.8725616 2.5103595 2.6877904 2.4457555 3.4691137 2.4519862 2.8949252 2.8496662 2.6782839 3.1535751 2.5310281 2.3265944 2.1275959 2.8945168 2.8423608 2.4790522 3.0446084 2.8610275 2.9084052 3.0061805 2.8131160 2.9796207 3.4432305 2.6680506 2.5115516 2.1666086 2.5992939 2.4702129 2.7311048 2.5747666 3.1234428 3.2412061 3.3701168 2.5740690 2.8594936 2.7309171 2.5140973 2.7514923 2.9500240 2.3619658 2.2742000 1.9934810 1.8071900 1.6561355 1.2370237 1.7425855 1.4968341 1.4220365 1.1966055 1.7200680 1.7491349 1.5499657 2.1766155 1.5076762 2.2543850 2.1637965 2.9927454 3.1054198 2.3182095 2.3184405 1.7818680 1.7017805 2.9550408 2.2871010 2.4784828 5.6090313 1.6214570 1.6027372 7.4554048 6.3610033 
Capsowcz                                                                                                                                            3.5293551 1.4828146 0.0000000 1.8211265 2.0542018 1.6082675 1.9616751 1.7533568 1.5797071 1.8019618 2.1491588 3.7205134 2.6081492 2.6683133 4.4849310 3.1231695 2.6159257 2.9677264 3.8872332 3.3433176 2.7511449 2.4928061 2.3721496 2.3707277 2.5475023 2.3957115 2.6272735 2.6276485 2.2749448 3.0892498 2.4590146 2.4264886 3.0045651 2.8939346 3.0229147 2.5601550 2.6040881 3.6615663 3.2804361 2.7962541 2.6038249 4.4795241 2.6855930 2.4698342 2.8580577 2.6572006 3.5701128 4.4200317 4.0878423 3.5597855 3.0232953 3.7999339 3.5767044 2.6508716 3.3345839 2.4396149 2.4421637 3.3074361 2.8709386 3.5720955 3.4244387 3.3833153 3.2982863 3.0925254 2.8386631 3.0790415 2.1408240 2.0009901 2.2232763 2.1607213 2.6500063 3.6453458 3.0671658 2.4118018 2.1581537 2.4920273 2.6344285 3.1257294 2.5071245 2.8969958 2.6791056 2.9739743 2.8593011 2.5349031 2.7088881 2.6636632 2.7613913 2.8501477 2.9046192 2.9321784 2.9126966 2.9459884 3.1639683 3.4576852 3.2445573 3.1187197 3.3002811 3.0736267 3.2748011 3.2135241 2.8603632 2.6020378 2.9464900 2.9543397 2.7027591 2.5260579 2.5186714 2.3636957 2.3992555 2.4113362 2.5185542 2.4070289 2.4747090 2.3904108 2.5526308 3.5627509 3.0580371 2.9447727 2.7952465 3.0048726 2.6842909 2.5778334 2.2204660 2.1396999 2.1816304 2.5797636 2.8227509 2.3726267 2.2667429 2.4608875 2.3533889 2.0828285 2.5068259 3.3216479 2.7984083 2.7579162 3.1403122 2.3123325 2.9374342 2.6907546 2.9201828 2.7024559 3.6657536 2.5737067 3.0122731 3.0369415 2.9698681 3.4423271 2.8841934 2.6067175 2.2899360 3.2028719 2.9470158 2.4316175 3.1514152 3.0391681 2.9140737 3.1427170 3.0421993 3.0265980 3.1679590 2.8262269 2.6694856 2.3794384 2.9721797 2.8421380 2.9421341 2.9777444 3.4752232 3.6203003 3.5982442 2.7001587 3.1900662 2.9195221 2.7722594 2.7599008 2.8960587 2.3663378 2.3894851 2.1353248 1.9902438 1.8312952 1.4361284 1.9345966 1.7910832 1.6018483 1.3586418 1.8085179 1.7994808 1.7444351 2.2978368 1.7177566 2.1328334 2.1095897 2.9744246 3.4800463 2.4343641 2.2692505 1.8942239 1.8755564 2.8864217 2.3716294 2.4023790 5.4035997 1.4559572 1.6010539 3.8821455 4.5567418 
Creofrag                                                                                                                                            3.9664511 1.7213137 1.8211265 0.0000000 2.2078521 1.9153961 2.0051999 1.9965945 1.7782269 2.0898572 2.7104587 3.6597456 2.7751953 2.9676201 4.4050844 3.3515239 2.8534622 3.0792960 3.8283063 3.4117257 2.6114739 2.5459126 2.4847050 2.4631635 2.6806748 2.8105600 3.0040745 2.7264218 2.5029970 3.5642235 2.7186993 2.6367754 3.1781187 3.0682430 2.9332754 2.7816472 2.8624998 3.6798307 3.3436370 3.1980471 2.8521906 4.7635352 2.8044019 2.7970804 3.0234476 3.0036126 3.5936522 4.6233499 4.0349313 3.3390718 3.1979117 3.7943763 3.9494894 2.7037155 3.1134089 2.5769623 2.5764464 3.2123400 2.8209357 3.6252419 3.6812245 3.3150371 3.4362027 3.3178822 3.1365459 2.9173505 2.3487535 2.3867198 2.3061191 2.3149033 2.7036425 3.7088218 3.0188520 2.4469646 2.1298126 2.5432270 2.9941741 3.1419155 2.8523457 3.2548222 2.4919666 3.0633221 2.6289370 2.8034192 2.8392900 2.8721625 2.6338338 2.6744301 3.2243096 3.1195764 3.2024993 2.9982376 3.0204064 3.6822790 3.5056070 3.6036944 3.3788370 3.3171664 3.3220955 3.2887124 2.9779786 3.1532207 3.3730297 3.0583391 2.7150211 2.5543231 2.7349330 2.4703936 2.4911070 2.6913520 2.4992103 2.5701585 2.7667792 2.7964117 2.9604221 3.8444645 3.4752660 3.2427319 3.3293737 3.1423717 2.6983057 2.4584533 2.4672224 2.4005169 2.4713369 3.1595085 3.1388825 2.4852614 2.5060712 2.6014400 2.4204385 2.4917296 2.9486973 3.3199171 2.9564269 2.9556454 3.3901861 2.2110213 2.8059853 2.7208882 3.0746715 2.7628114 3.7166064 2.8244805 3.0566254 3.0193926 3.0411030 3.3300849 2.8095327 2.9071801 2.7220347 3.4916185 3.1694752 2.7982046 3.2011775 3.1642738 2.9959944 3.0828864 3.0822913 3.3369692 3.5796612 3.0168605 2.8134661 2.5270248 3.2212579 2.9397784 3.1550037 2.8019608 3.3158123 3.4096267 3.7943965 3.0608433 3.3099049 3.0413611 2.8798050 3.0081280 3.2254609 2.5611980 2.7004242 2.5003052 2.0841395 0.2846203 1.3249341 2.2314524 2.0833221 1.8200509 1.5818743 1.9122465 2.1132835 1.9434594 2.5434639 1.9389273 2.6759351 2.3745979 3.0920569 3.3937666 2.6548094 2.6806601 2.1619435 2.2704363 3.3260303 2.7432718 2.8285729 6.4134663 2.2184185 2.0825336 8.9999982 4.3505942 
Coralima                                                                                                                                            3.2925384 1.7719857 2.0542018 2.2078521 0.0000000 2.1028745 2.3190046 1.9632884 1.7990035 2.2635603 2.6154653 3.7057810 2.8195557 3.2418585 4.2721141 3.4706983 2.9902419 3.1563987 3.9812556 3.9341071 2.8645911 2.6661923 2.6991818 2.8270012 2.8072747 2.6049970 2.8799330 2.7997538 2.6610726 3.1262386 2.6467930 2.8596383 3.3634948 3.0489221 3.2249730 2.8388000 2.8820404 4.1357315 3.3614554 3.3014905 2.8568007 5.0008047 2.9988954 2.7635009 3.0599075 2.9345918 3.7614191 4.1304736 4.2696305 3.6123083 3.5007795 4.1432111 3.9210094 3.1054478 3.9406746 3.0276125 2.7797945 3.5029171 2.8769184 3.9627900 3.8186790 3.7016370 3.5505838 3.4859930 3.2451284 3.5899618 2.4240811 2.4893911 2.4976991 2.7052403 2.9977783 3.8572450 3.2437892 2.7419217 2.3879126 2.8609226 3.0224941 3.4666264 2.9465108 3.1864314 2.8277947 3.0170853 2.8828893 3.0113240 3.0236835 2.9956482 3.0536962 3.1557368 2.8429362 3.2245964 3.3806836 2.9571610 3.3432681 3.8709801 3.6879292 3.5359335 3.3300228 3.2769699 3.3341782 3.4438642 2.8704166 2.9559261 3.4445275 3.4577548 3.0362525 2.7935066 2.8995746 2.6778255 2.7991113 2.7660053 2.7717206 2.6869194 2.8022847 2.7652928 2.9557653 3.6435625 3.2167907 3.1470596 3.2702525 2.9903348 3.0489056 2.6028732 2.5214268 2.4790717 2.5781967 3.0126956 3.1892636 2.6139776 2.6868531 2.8265753 2.5936095 2.5308519 2.8736784 3.5026061 3.1139768 3.2152902 3.5280884 2.6034642 3.0173356 2.9562801 3.2710532 2.8774311 3.6890701 3.0584876 3.0412134 2.9480267 2.9886764 3.8411442 3.2807453 3.0321361 2.7483947 3.5790965 3.5589012 2.7233975 3.4770778 3.2212112 3.1249476 3.2685278 3.3334385 3.2778663 3.5664581 3.0891335 3.0797978 2.7706064 3.1549690 3.1863191 3.4815825 3.2003160 3.7432520 3.8291639 3.9050788 3.2051602 3.2464180 3.2386064 3.0568624 3.3537735 3.0744472 2.8621672 2.8069247 2.6936817 2.1963959 2.0967215 1.8564507 2.1028371 1.9057958 1.8848262 1.5542743 2.0805267 2.2893241 1.9442130 2.7720733 1.8684672 2.5733136 2.4790928 3.0215573 3.8252136 2.6224357 2.6874121 2.1313417 2.2620932 2.9946047 2.7219518 2.8706956 5.1098200 2.0252822 2.1734050 5.3309829 6.4216948 
Sphadest                                                                                                                                            3.1766051 1.6416451 1.6082675 1.9153961 2.1028745 0.0000000 2.0299727 1.7096546 1.6254470 1.9516737 2.2255240 3.3587023 2.5582622 2.8257922 4.4889925 2.9546103 2.6913384 3.2028950 3.9366884 3.3828772 2.7992429 2.3975253 2.3022207 2.3461209 2.3748941 2.3641185 2.6368156 2.4207696 2.3731967 3.1819265 2.3499445 2.4401587 2.9839513 3.0609003 2.9762633 2.6782850 2.6870867 3.7553553 3.1587076 2.7399937 2.6048147 4.4876789 2.7579518 2.6023605 2.7964969 2.6781577 3.6690487 3.8571633 3.8753255 3.2505736 3.2658168 3.7983816 3.6997204 2.5461715 3.6238188 2.6833507 2.5550546 3.1967637 2.7397800 3.5624688 3.7214798 3.6345127 3.5945210 3.1402614 3.0313602 2.9802672 2.2258610 2.3333768 2.3509122 2.3516027 2.5407429 3.9428146 2.9702239 2.6167083 2.2432877 2.7032337 2.6981988 3.2538225 2.4023930 2.9510883 2.8257607 3.0296710 2.8150234 2.5547617 2.6957361 2.7725943 2.5179638 2.7438521 2.7696874 2.8906585 2.7994881 3.0078900 2.7522526 3.3378042 3.2199927 3.3712006 3.1369157 3.1479163 3.1408340 3.1848869 2.8748519 2.7452224 3.0867894 3.0760440 2.8495343 2.7189083 2.8506371 2.5256572 2.3445316 2.5298248 2.4366749 2.5463839 2.5142244 2.4296205 2.3870763 3.4715264 2.9518943 3.2689257 3.2746749 3.1190512 2.8470634 2.6147728 2.2861413 2.1273398 2.2262273 3.0558127 3.0898446 2.6287807 2.4984139 2.5435448 2.4791430 2.1691253 2.7334059 3.1728745 2.5811249 2.9408482 3.4138193 2.4331610 3.0294301 2.8521592 3.0336229 2.6796113 3.6212062 2.6221940 2.9827379 2.9330300 2.9734515 3.7531985 2.8462432 2.7664185 2.4483629 2.9783460 3.0174882 2.7123167 3.4450575 3.3220097 2.9411412 2.9967471 2.8937521 3.2285333 3.5683677 2.9568399 2.5923082 2.5101504 3.0310168 2.8215602 2.9154301 2.9492250 3.0266806 3.3339467 3.6247050 2.7803536 2.9675019 2.7918118 2.7272151 3.1461638 3.3014985 2.6855386 2.6900653 2.3638028 1.9531491 1.8780890 1.7041717 1.8902004 1.7337067 1.6311707 1.3426164 1.8073208 1.9884824 1.8596419 2.4773014 1.7107905 2.3488183 2.1416259 2.8230646 3.2939439 2.5217894 2.5411032 1.7909647 2.0567360 2.9862045 2.4720053 2.5387322 5.4165794 1.4992081 1.7625360 4.6643925 5.2445826 
Monobrev                                                                                                                                            3.3801087 1.7711471 1.9616751 2.0051999 2.3190046 2.0299727 0.0000000 1.8761160 1.7847668 2.0398401 2.4005476 3.5807989 2.8597994 2.8438931 4.4340806 3.0202728 2.8363759 3.1264363 3.7880755 3.2977170 2.7094883 2.6372643 2.6234786 2.7615787 2.5880327 3.4942938 3.6501093 2.8055092 2.3788483 3.1792147 2.6187701 2.7415787 3.3477144 3.0693704 3.2807808 2.7127198 2.9172166 3.8627446 3.4613635 2.7826948 2.5743782 5.2302435 2.8422423 2.7093686 2.9569185 3.0714781 3.8101376 4.1176998 3.7909349 3.4286530 3.1411651 3.9143817 3.8487864 2.7305153 3.6635355 2.9522150 2.5774667 3.4484920 2.8599536 3.4894119 3.5742645 3.3684572 3.3795909 3.3009007 2.8594051 3.2485908 2.3569338 2.2853020 2.4192222 2.3450492 2.9113636 3.9972712 2.9326870 2.5324230 2.2257203 2.6260666 2.9548708 3.2196436 2.4709423 3.2736181 2.6814245 2.8980660 2.8774450 2.7556721 2.8084837 2.6896290 2.5532690 2.6753250 2.6765262 3.0822875 2.9347215 2.7843010 3.0148204 3.7608009 3.6533827 3.8376342 3.0946895 3.0080359 3.0267474 3.1418510 3.1179647 2.9343505 3.1886444 2.8882516 2.6553705 2.6454066 2.7711281 2.5893029 2.5543000 2.7693707 2.6523955 2.7385691 2.6640500 2.3620091 2.9077837 3.7797835 3.1677017 2.9823080 2.9791105 2.8858796 2.6979013 2.5979567 2.2887398 2.2817788 2.3769855 2.8130458 2.7693973 2.4822009 2.5128733 2.6425306 2.5788376 2.0091210 2.8050827 3.2249224 2.9436851 2.9953834 3.3801014 2.4223152 2.8146385 2.9574497 2.9567181 2.8894855 3.5858274 2.5062146 2.9409042 2.8843779 2.9706780 3.4545089 3.0001362 2.8777248 2.6494896 3.3891726 3.5315523 2.6224935 3.4444904 3.2613571 2.9891438 3.2439531 3.2855067 3.2053226 3.6254440 3.1036579 3.2104523 2.5179888 3.0621089 3.2262270 3.1476136 3.0143419 3.4928780 3.6808292 3.8077068 2.8368641 3.4782791 2.9803610 2.5794984 2.6529928 2.8448808 2.5049803 2.5424819 2.5684065 1.3930778 1.9240475 1.6948006 2.0733364 2.1299396 1.7189720 1.4774630 2.0616597 2.2623113 2.0281957 2.4207488 1.9566960 2.5174380 2.4376515 2.9694355 3.6337371 2.6105160 2.7545248 2.1239040 2.2176195 3.3568257 2.5288280 2.7863559 5.2512179 1.7180361 1.9766366 1.5324596 1.4526834 
Homosapi                                                                                                                                            3.2552031 1.4765088 1.7533568 1.9965945 1.9632884 1.7096546 1.8761160 0.0000000 0.9474960 1.8616244 2.3578873 3.8623559 2.4728119 2.8029964 5.1277379 2.9730146 2.5915628 2.8328991 3.7744634 3.4414640 2.6176109 2.3755505 2.1771748 2.3818027 2.4634034 2.4389756 2.7492455 2.4510152 2.3056365 3.0910999 2.3066947 2.4104003 3.0032522 2.7668522 2.8080629 2.4956311 2.4824945 3.8145164 3.2922187 2.6271070 2.3645447 4.2782834 2.4333808 2.5337226 2.8373403 2.7475219 3.4444389 3.9431693 4.0273209 3.4028249 2.8048878 3.9297063 3.7804605 2.5068612 3.3299342 2.6293711 2.3438224 3.3047869 2.6375626 3.8251384 3.9067707 3.3913896 3.3809783 3.3348267 2.9319805 3.2056231 2.1383473 2.1781175 2.2895145 2.1704991 2.5312071 3.5845738 3.0508041 2.2187545 1.9000310 2.3463337 2.6858074 3.2180509 2.4329894 3.0534311 2.5004882 2.7700372 2.5551792 2.6452180 2.4724923 2.4869330 2.5866323 2.7396032 2.6576618 2.9056146 2.7045262 2.8415280 2.9773491 3.6690530 3.4160724 3.2633160 2.9704452 3.0924821 3.2083426 3.2646274 2.8513824 2.7062063 3.1696375 2.8366955 2.8456695 2.4719162 2.7306125 2.3347826 2.4100160 2.5289918 2.3290997 2.3459436 2.6801859 2.3389010 2.5225685 3.2324213 3.1554596 2.9628957 2.9481579 2.9834572 2.3529512 2.3021290 2.2041077 2.1648189 2.3303976 2.9535998 2.8812503 2.2422864 2.2164504 2.3057833 2.2541090 2.0245287 2.5050448 3.1862306 2.7282100 2.8238857 3.3121055 2.2278816 2.7244104 2.5011081 2.9559386 2.6014671 3.2786699 2.5859124 2.8881214 2.8396516 2.8779345 3.7112911 2.5292923 2.5388115 2.3993519 3.0251177 3.0470988 2.2021713 3.0490910 3.1498513 3.0696333 3.0628513 2.9615399 3.1093120 3.5529773 2.7366900 2.7454835 2.3537077 2.6844491 2.6519422 2.9779200 2.8034916 3.1851126 3.3133191 3.4874775 2.8846938 3.1082768 2.8592509 2.6840561 2.9212184 3.0501474 2.5521978 2.1950328 2.1089253 1.8600769 1.9204828 1.5180004 1.6741522 1.2415277 0.8838360 0.7074594 1.4343047 1.4570750 1.2698099 1.9954829 1.2913552 2.3375348 2.3274214 3.0722577 3.3757837 2.5068084 2.5633460 1.8822081 2.0032123 2.8959708 2.3326700 2.6128518 5.4992677 1.1669141 1.2642738 6.0115542 5.2927366 
Nemavect                                                                                                                                            3.1290006 1.2879518 1.5797071 1.7782269 1.7990035 1.6254470 1.7847668 0.9474960 0.0000000 1.7917489 2.1164212 3.6461615 2.4012917 2.5994723 5.0475536 2.9268978 2.5631442 2.9306216 3.6855381 3.3763041 2.4911782 2.3940715 2.0676923 2.1573901 2.4167079 2.3089296 2.5787877 2.3914543 2.0717078 3.0125838 2.2998646 2.2977235 2.8141003 2.7623550 2.7290566 2.5070556 2.5592784 3.8461874 3.2069048 2.5868983 2.3471101 4.4195654 2.4584686 2.3957222 2.7293780 2.7848579 3.2177452 3.9484949 4.0226189 3.2937221 2.8171186 3.6817598 3.5210009 2.5353209 3.5383178 2.6505481 2.3231568 3.1794602 2.4798350 3.5516776 3.6599852 3.4209057 3.3609360 3.2314964 2.9073302 3.0421058 2.0795031 2.1356409 2.1495260 2.0538669 2.5079154 3.4864627 2.9531737 2.2937164 2.0018115 2.3895451 2.6616575 3.0630796 2.5054521 2.9022986 2.6110436 2.8322471 2.6084202 2.3904604 2.4056277 2.5080534 2.4778150 2.6871374 2.7667549 2.7059277 2.7093382 2.7439825 2.9548294 3.5185374 3.3656335 3.1767483 3.0115477 3.0272136 3.0922848 3.1837735 2.6367741 2.6827791 3.0488423 2.8645907 2.6917199 2.3148621 2.5006865 2.1881344 2.2286176 2.3792392 2.2014155 2.2158295 2.4742537 2.1155347 2.3418374 3.4348688 2.9614408 2.9123817 2.9893013 2.9306029 2.2847895 2.2056391 2.0910525 2.1111509 2.0948512 2.6263753 2.8021865 2.2154932 2.1331587 2.1745512 2.2794659 1.9822879 2.4947833 2.9473221 2.5483749 2.8132290 3.3112730 2.2333315 2.8363520 2.6836155 2.8267316 2.5548421 3.2602546 2.4362352 3.0477283 3.0354967 2.9230704 3.3210185 2.4938926 2.4394720 2.3132220 3.0250395 2.7674852 2.3785344 3.1406187 3.0611150 3.0218129 3.0079790 2.8261178 3.1499211 3.3645380 2.6701914 2.4835886 2.2328070 2.7403764 2.6779459 2.6797196 2.6590814 3.1784004 3.1736473 3.4539874 2.6657074 2.8620300 2.7650461 2.5739110 2.9060399 3.0999213 2.1947132 2.2038412 2.0679391 1.7018401 1.6698651 1.4157751 1.5788991 1.1215397 0.7941070 0.6251709 1.4063582 1.5239058 1.2603698 1.9456362 1.1181945 2.2881647 2.1668351 2.9130549 3.4355236 2.3641252 2.4323254 1.8480839 1.9225476 2.6788413 2.2738808 2.6354004 5.0837468 1.2337578 1.2189914 4.7670979 5.7169547 
Parvatla                                                                                                                                            2.8956898 1.7536974 1.8019618 2.0898572 2.2635603 1.9516737 2.0398401 1.8616244 1.7917489 0.0000000 1.8663733 3.5295730 2.3180674 2.5541670 4.9791219 3.3014048 2.7296994 2.9037684 3.5692086 3.2848370 2.5877827 2.2242899 2.3028534 2.3053568 2.5022185 2.3863172 2.5288646 2.4246346 2.1124886 3.0623646 2.3108090 2.2480460 2.8210282 2.8831827 2.8213751 2.7220432 2.8986436 3.6813248 2.9495726 2.4796753 2.3217625 4.5934014 2.5054760 2.3696016 2.7875105 2.5881687 3.4399141 4.0374416 4.0784027 3.0019075 2.8167725 3.7955369 3.5355192 2.3824719 3.1503359 2.5486387 2.4725594 2.8853142 2.5472418 3.9485207 3.8179468 3.5929523 3.5413948 3.3863976 2.8846209 3.1257617 2.3094724 2.2788962 2.3244697 2.2752042 2.5626997 3.8347974 3.2268185 2.3142838 1.9987946 2.3302691 2.5253657 3.0994260 2.3813264 3.0152653 2.4629855 2.7982254 2.6927606 2.5541398 2.5936876 2.5054922 2.4206491 2.4460427 2.5171026 2.7847502 2.5674170 2.7715200 2.5873932 3.0158426 2.8564896 2.9385275 2.8660884 2.9834324 2.8148991 3.3004897 2.5552179 2.6008212 2.9024384 2.9621060 2.7587640 2.6087925 2.6486506 2.2895743 2.4349665 2.4362876 2.3146617 2.2982615 2.5239667 2.2773678 2.5437935 3.6806430 3.0750520 2.9102169 2.8972811 2.9331522 2.5128038 2.2874071 2.2046208 2.1491931 2.2257207 2.6107066 2.6765435 2.2229337 2.2429626 2.2164240 2.1740413 2.0471068 2.4914564 3.0933482 2.4398412 2.6941994 3.2476768 2.3205071 2.5460445 2.6536270 2.8224648 2.3725935 3.3937913 2.4347720 3.1028461 3.0281127 3.2231466 3.5612105 2.6842200 2.6546588 2.4142767 3.1194354 2.9987673 2.3706940 3.1080339 3.0081776 2.7828964 3.0231741 2.9452398 3.0419642 3.0890121 2.6693606 2.5304352 2.3909078 2.6817838 2.7804777 2.6246889 2.7064289 3.1089608 3.4044544 3.3437605 2.4966848 2.7870772 2.7447207 2.7048672 2.7747110 2.9501815 2.3692771 2.3383467 2.1441209 1.9866165 2.1697686 1.8723586 2.0318829 1.9029546 1.7116476 1.5442026 1.9058648 2.1970007 1.9999346 2.5562217 1.8745461 2.0294728 1.8731760 2.7285336 2.7867404 2.1380292 2.1181181 1.6188934 1.5669125 2.5504360 2.0713255 2.0666524 5.2674364 1.5774672 1.8985466 5.0302400 4.3106965 
Batrdend                                                                                                                                            3.2350345 2.1337000 2.1491588 2.7104587 2.6154653 2.2255240 2.4005476 2.3578873 2.1164212 1.8663733 0.0000000 3.6304946 2.7675866 3.0026107 4.8073258 3.6070346 2.9799481 3.0995089 3.7964125 3.4471551 2.9460422 2.6938595 2.5057504 2.7740402 2.7763946 2.5549137 2.6863007 2.8324758 2.3842532 3.0540915 2.4920328 2.6599870 3.3229087 2.7860997 3.1624595 2.6407744 2.6961353 3.8451128 3.3314798 3.0135161 2.8446885 5.0180196 2.8567628 2.4245171 3.1101531 2.8228924 3.6358632 4.0015829 3.7473711 3.3231925 3.3399984 3.9272448 3.7948761 2.7551160 3.4063225 2.8163523 2.5247181 3.4793855 2.7996728 3.9834471 3.8920120 3.5781733 3.5368023 3.4310240 3.2451342 3.1308387 2.4862773 2.6116016 2.6564729 2.5448106 2.9984883 3.8685464 3.3897101 2.7404837 2.4593582 2.6984708 2.8705100 3.2850572 2.7279411 3.2356714 2.8776514 3.2297767 2.9314597 2.7876897 2.8807545 2.8944027 2.7039920 2.8214882 2.8245058 2.9182742 2.9249288 3.1580174 3.0888051 3.5378413 3.3316160 3.5843353 3.1717993 3.1818895 3.4917805 3.2526225 2.8512228 2.7423438 3.0839084 3.0092009 2.9912296 2.7547067 2.8462023 2.6649575 2.6342386 2.6922155 2.6834762 2.6739262 2.6799736 2.7191134 2.7915895 3.9684144 3.0444851 3.2546545 3.3570323 3.3613380 2.7337717 2.6574987 2.4433710 2.4699733 2.5293645 3.0553413 3.2880708 2.6420673 2.7110307 2.8140167 2.5472906 2.3458833 2.7453699 3.5262217 2.6576792 3.1542045 3.5561816 2.6871319 3.1466248 2.8587287 3.1436271 2.8900058 3.4268423 2.6482906 3.3768108 3.2733673 3.2852347 3.3516600 2.8716721 2.8385977 2.7773696 3.1165473 3.2622944 2.7406903 3.6628135 3.3732170 3.1931892 3.1487681 3.3053936 3.4745280 3.5659705 2.9553260 2.7194700 2.8087284 2.9226334 2.8390265 2.9921531 3.0413596 3.3428046 3.4455927 3.8149757 2.8656058 3.3155309 3.1434529 2.7298630 2.9706951 3.4322964 2.7293929 2.4638330 2.4436832 2.3454363 2.7543617 2.1254075 2.3504822 2.4586909 2.2932144 1.8173720 2.3801340 2.5541031 2.4371180 2.7986819 2.3265794 2.2029716 1.9657095 2.8670796 3.2229772 2.3528948 2.3397669 1.7533682 1.2300936 2.9517796 2.1428407 2.5043866 5.3208075 1.9791123 2.4223979 8.9999981 4.3949032 
Tricvagi                                                                                                                                            3.6567355 3.7384246 3.7205134 3.6597456 3.7057810 3.3587023 3.5807989 3.8623559 3.6461615 3.5295730 3.6304946 0.0000000 3.7240970 3.8390417 5.1220037 3.9941776 4.1039402 4.1591932 4.3617908 4.4505988 3.8336650 3.5307399 3.5901722 3.6983713 3.7230609 3.6051433 3.6017690 3.7480128 3.4765268 4.6388863 3.7169400 3.7433988 3.6331751 3.9868579 3.9755953 3.4897422 3.6528440 4.4195402 3.9285087 3.8617505 3.8993910 5.3425170 3.4975689 3.2116294 3.7139275 3.7424932 4.2853185 4.0547613 4.1313437 3.9285491 3.0736813 4.5756139 3.8878155 3.3011254 4.0540368 3.6362223 3.4574093 4.1370969 3.7369495 4.6625474 4.7423450 4.5937028 4.5739852 4.1287001 4.2541471 4.2259365 3.3844319 3.5530215 3.3601423 3.5209136 3.3951706 4.8665306 4.0458513 3.6234606 3.0879282 3.5948356 3.7751064 3.7689028 3.8472826 4.3640202 3.8253520 4.0539959 3.8802840 3.8175482 3.7945599 3.8033754 3.4118619 3.6449632 3.8184001 3.8639442 3.7359216 3.4790446 3.3477287 4.2417111 3.8739301 4.2781835 3.9492156 3.7459981 3.9198570 3.9773119 3.4603785 3.8448333 4.0559305 4.0975497 3.8391474 4.0081637 4.3608538 3.6225924 3.6750237 4.0887869 3.5164901 3.6153547 3.6713753 3.5802535 3.8993639 4.4133314 4.2750161 4.4739171 4.3234615 4.2823519 3.7961947 3.4575835 3.4417925 3.3232495 3.3885331 3.7841487 3.8761568 3.4261444 3.5876205 3.8135264 3.6188538 3.3005967 3.9595964 4.1986584 3.8377079 3.7440605 3.9133271 3.4796491 3.9884658 3.9404160 3.6837677 3.5318334 4.3644703 3.8060484 3.7019853 3.6848891 3.8921502 3.9320170 3.8969045 3.6986049 3.7370116 4.3635849 3.9970333 3.6794581 3.8948575 4.3676063 3.6290976 4.0106491 3.7341841 3.7854433 4.0123972 4.1676163 3.8720107 3.6744697 4.0871404 4.1506436 4.1799673 4.0236222 3.7999125 4.1055304 4.5051327 3.7511691 4.3114195 3.8753559 3.6471011 4.1808772 4.2402124 3.7881825 3.5066097 3.3885430 3.6750889 3.6187370 3.6026465 3.5398524 3.7606179 3.6074648 2.9948476 3.5097776 3.8324665 3.8861068 3.9546058 3.6883655 3.6056847 3.4666453 4.0254058 4.1680108 3.5499095 3.6726484 3.3457516 3.4229377 3.8220254 3.6000980 3.7362200 6.9358116 3.2380293 3.9954321 8.9999988 7.7815498 
Rozeallo                                                                                                                                            3.0276338 2.5657387 2.6081492 2.7751953 2.8195557 2.5582622 2.8597994 2.4728119 2.4012917 2.3180674 2.7675866 3.7240970 0.0000000 3.3044164 5.1100192 3.3305809 3.4889941 3.4876175 3.9423635 3.4784658 3.0001791 2.9802024 3.0242772 3.0350062 2.9721590 3.1131806 3.0510189 3.0478419 3.0818314 4.0505369 3.1008398 3.0540217 3.3214222 3.3431875 3.6883682 3.0415992 3.1428309 3.9835362 3.2236354 3.3285055 3.1623788 4.2130684 3.0640939 3.1701552 3.3305402 3.0424969 3.9232988 3.9113406 3.8680300 3.8007100 3.2018426 3.7480644 3.4867368 2.9898229 3.7114700 3.2140386 2.8606075 3.5019349 3.1264181 4.1061656 4.1667722 3.8017632 3.7601244 3.7549642 3.7522385 3.7656486 2.8251234 2.7567041 2.9134916 2.9478901 3.3628793 4.2871412 3.3717419 2.9456788 2.5007331 3.0592001 2.9238071 3.4483167 2.9132531 3.3839877 2.9479750 3.0203551 2.9753836 3.3368534 3.0066013 3.1737048 2.9764363 3.2143011 3.0956404 3.2861136 3.2816312 3.3014303 3.4040271 3.5875061 3.4271746 3.5038102 3.6314654 3.5679568 3.1812225 3.6765962 3.2942828 3.2476374 3.6512644 3.4571859 3.0426922 2.9568255 2.7780597 3.0187812 3.0572996 3.1740167 3.0350569 2.9039991 3.1548664 3.1964271 3.3325277 4.1414979 3.5187627 3.8325366 3.6600501 3.7520458 3.0760686 3.0886832 3.0182122 2.8361699 2.9473652 3.2694285 3.3994000 2.9476091 2.9800031 3.0457103 2.9053869 2.9581000 3.1445591 3.8134332 3.0844642 3.1261795 3.6611539 2.9360355 3.4741903 3.1867359 3.1787053 2.7616573 3.4668591 2.8956931 3.1311853 3.0869324 3.2708301 3.8452683 3.1996429 3.3292528 2.9819876 3.3115052 3.3244320 3.2247498 3.3252938 3.5420520 3.4283372 3.5983937 3.4061340 3.6137132 3.5075689 3.3755355 3.1200500 2.9927860 2.9898468 3.1040405 3.4242272 3.5606353 3.6449746 3.6431655 3.5947825 3.2986240 3.4920417 3.3004669 3.3441098 3.3901269 3.6779681 3.2380454 2.6858791 2.8040796 2.8345946 2.7738589 2.6782117 2.8415335 2.6511913 2.5133482 2.1318301 2.7664584 2.8107640 2.7721363 3.1611635 2.5809107 2.7345419 2.7077232 3.3351065 3.4075002 3.1571905 2.8667286 2.3069138 2.5758098 3.2701699 2.7671361 2.8870073 5.3573628 2.6703694 2.9484127 3.1880150 2.3106431 
Andagodo                                                                                                                                            3.3956902 2.4608975 2.6683133 2.9676201 3.2418585 2.8257922 2.8438931 2.8029964 2.5994723 2.5541670 3.0026107 3.8390417 3.3044164 0.0000000 4.5121412 3.2048878 2.8896155 3.0302143 3.8242175 3.8368411 3.1186879 2.5421838 2.4652061 2.6017381 2.8374262 2.8664104 2.8782136 2.6944253 2.6485270 3.4009309 2.5713775 2.9143773 2.3159497 3.0239073 3.2235820 2.6471339 2.7472209 4.2452479 3.0975737 2.6761217 2.6167233 4.8365191 2.8560176 2.9040503 2.8641711 2.7860359 3.9140502 3.9607087 3.9067144 3.6828817 3.0725107 3.8839223 3.6357920 2.8898189 3.5027419 3.0386482 2.8306508 3.5028799 2.8882718 3.8402197 3.9198135 3.8095887 3.7354391 3.3658414 3.1703593 2.9849194 2.4295131 2.4838941 2.6080391 2.8143294 3.0358230 4.0642054 2.9742762 2.5393956 2.1961232 2.6260476 3.1512583 3.4310378 2.8925422 3.3380623 3.1098302 3.2322338 3.2349255 2.7619287 2.7297417 2.7544388 2.4489082 2.6818014 2.6434187 3.1434962 2.7213216 3.1833982 2.9926407 3.3615236 3.0939520 3.3403992 3.1718157 3.1450269 3.0983730 3.1483802 2.8215729 2.8778083 3.2489744 3.0916651 2.9424469 2.7176157 3.0653328 2.4676498 2.4763584 2.4945639 2.6871901 2.5850602 2.6592213 2.5598740 2.7723598 3.7552059 3.2483882 3.1625461 3.2593332 3.1666200 2.6615376 2.4636264 2.6003240 2.4868745 2.6094718 2.9826373 2.8198892 2.5654961 2.4652216 2.5088876 2.4829840 2.2839466 3.1069741 3.3488708 2.9402857 3.0612797 3.7459251 2.5939346 3.0669312 2.7259316 3.0712344 2.7574193 3.3562855 2.6162588 3.0255326 2.9055692 3.0838051 3.3756182 2.8573765 2.8536796 2.7816973 3.3118252 3.1214453 2.7533230 3.5618256 3.5689082 3.2871437 3.3304316 3.2690769 3.2920307 3.6670287 3.0321615 3.0430842 2.8925898 3.3078631 3.1257231 3.3099544 3.0645348 3.4074139 4.1101515 3.9941588 3.3525976 3.3459696 3.2442799 3.0375331 3.2013609 3.5585525 2.8150190 2.5899630 2.7685006 3.0418636 2.9888734 2.6246545 2.8715554 2.8663592 2.6804237 2.1336418 3.0055160 3.0598675 3.0084970 3.2630447 2.6356573 3.1499665 2.7829109 3.2850115 3.5485083 2.7818804 2.9070587 2.6085667 2.6982717 3.0276888 2.7305248 3.2034726 5.2320847 2.6262440 2.8824587 5.7088810 4.3823186 
Gregniph                                                                                                                                            5.3269107 4.9471228 4.4849310 4.4050844 4.2721141 4.4889925 4.4340806 5.1277379 5.0475536 4.9791219 4.8073258 5.1220037 5.1100192 4.5121412 0.0000000 4.8097219 5.0085164 3.7631835 4.5673865 4.6412880 4.0875382 4.6362129 4.5745342 4.6822751 5.0137709 5.1862805 5.0213251 4.9797452 4.3682633 4.9812988 4.6804890 4.7765594 4.9558159 5.1105572 5.2584394 4.5942069 4.5181318 5.1758210 5.1001201 4.6537195 4.5732614 6.5737573 4.9249347 4.3785826 4.9111824 4.9600877 5.3648459 5.3605260 5.1129205 5.0859845 6.1332077 5.6822472 5.0692890 4.7892967 6.1306021 4.4469073 4.4733793 5.2005808 4.6736284 4.7837375 4.6120139 4.9808384 5.1288068 5.2753756 4.8374972 5.2326661 4.4666934 4.4245579 4.3931713 4.7600801 4.9918069 5.5230705 4.6264711 4.6955201 4.3592101 5.2696343 4.7392517 4.9904639 4.9319974 5.7671239 3.8984644 4.4151040 4.5566597 4.6554797 4.7649374 4.7605635 4.6453390 4.9100235 5.0398373 5.0036514 4.8608757 5.1424154 4.5346150 5.6487859 5.4006432 5.6391508 4.5597026 4.5096599 4.7134332 4.5039713 4.8123623 4.6633789 4.5362614 5.1291798 4.5897847 4.7654890 4.6103082 4.6214414 4.6812318 4.9641734 4.5815581 4.4147492 5.1205247 5.0978181 4.8308520 5.3563276 4.6611490 5.0248845 4.8552772 4.8437436 4.7241193 4.4141420 4.7984897 4.2671406 4.4377956 4.6615899 4.6974763 4.7523211 4.4984731 5.0992288 4.7484061 4.6711562 4.8758460 4.7867014 4.6509200 4.4571064 5.5176487 4.1756165 4.7031985 4.2642620 4.2666484 4.5393726 4.9160678 4.7689328 4.8330010 4.6664300 4.9324272 4.4611959 5.1548838 5.3834460 4.8446767 5.4253720 4.9247279 5.3747267 4.8861618 5.4207445 4.6067195 5.8274236 5.5275089 5.1202862 5.2456357 5.1927824 5.1245213 4.6392161 4.6275402 4.8802616 5.3600744 5.4489204 5.2170485 5.2251176 5.5500865 5.0912706 5.3336418 4.6679749 4.8592069 4.9622699 4.6182818 4.8435636 4.5694844 4.5787840 4.6095029 4.4139872 4.2823844 4.6300946 4.7174826 5.1079346 4.7031748 5.2106031 4.9313090 4.9640852 5.3154141 4.8323488 4.6692414 4.5339298 5.2218557 4.8912289 4.3392073 4.6612712 4.5040451 4.5628988 4.8558673 4.1058005 4.5264637 6.5488386 5.2682153 4.6107378 4.4306448 4.7355478 
Naeggrub                                                                                                                                            3.9311938 3.1079692 3.1231695 3.3515239 3.4706983 2.9546103 3.0202728 2.9730146 2.9268978 3.3014048 3.6070346 3.9941776 3.3305809 3.2048878 4.8097219 0.0000000 3.0203855 3.3452908 4.1768672 4.0257512 3.1770915 3.0232351 3.0902572 3.0272727 3.2514480 3.2430987 3.3290690 3.1243844 2.8500117 4.0171657 3.2285179 3.2772592 3.3150957 3.2649811 3.1030979 3.0770950 3.2181300 4.2030480 3.5888453 3.3288607 3.0564155 4.9327691 3.2569786 2.8751122 3.2906409 3.0621087 3.7495312 3.8685766 3.7036189 3.6220745 3.0604125 4.0378453 3.8921447 3.0284283 4.0552784 3.1836709 2.9619679 3.5573524 3.0908312 3.8465009 4.0230217 3.9463886 3.9345759 3.5926494 3.5710442 3.5633763 2.8575259 3.0146147 3.1350633 3.0067215 2.8770478 4.0137778 3.3173860 3.0232329 2.7700494 3.2570032 3.0456149 3.6105902 2.9150532 3.3232951 3.2871834 3.5073072 3.4593689 3.3918910 3.1536896 3.0464781 3.0521784 3.2549849 3.3366294 3.1671987 3.4354396 3.1527357 3.2543308 3.9428602 3.7373022 3.6635044 3.4623730 3.4984939 3.1635414 3.5459768 3.4264902 3.4358409 3.4377327 3.4239705 3.3213118 3.0833716 3.3591917 2.8375688 2.9275471 2.9946536 3.2299846 3.0429933 3.2071043 3.0929521 3.2086419 3.6920341 3.3340058 3.5799927 3.4895197 3.5572990 3.0474272 2.9983616 2.8428434 2.9346472 2.9216240 3.2437246 3.7006388 3.2454259 3.1505704 3.2666421 3.1240552 2.5308590 3.0128167 3.7003256 3.1823391 3.3139454 3.7548289 2.8298576 3.7452834 3.2333609 3.1947568 3.0998387 3.4939095 2.4841434 3.1612066 3.1563351 3.3327819 3.6095884 3.3543275 3.1090486 2.8514706 3.6497426 3.5474597 3.5600453 3.8424890 3.7203736 3.2739786 3.4865722 3.4069028 3.5148315 3.4929252 3.2590938 3.2022674 2.9753084 3.5134233 3.4569686 3.0166040 3.3336863 3.5618035 3.6963851 3.9804910 3.2298911 3.5367078 3.3274144 3.3294666 3.5303084 3.8665544 3.2056482 3.1202477 3.0217331 3.0119364 3.2608433 3.1142988 3.3774331 3.2070615 3.0739113 2.6458287 3.1381309 3.1502025 3.2215794 3.5152496 3.1274206 3.3555055 3.2927537 3.9905350 4.3746771 3.3381912 3.4036920 3.0152782 3.2772840 3.7023371 3.3379680 3.4982775 7.0512758 3.4547082 3.5434664 8.7487671 5.7402028 
Hemikukw                                                                                                                                            3.2834269 2.3967411 2.6159257 2.8534622 2.9902419 2.6913384 2.8363759 2.5915628 2.5631442 2.7296994 2.9799481 4.1039402 3.4889941 2.8896155 5.0085164 3.0203855 0.0000000 3.0031326 3.6535188 3.5824704 2.7430363 2.5024306 2.3890093 2.4506457 2.4640189 2.3980367 2.5240271 2.5771674 2.3969995 3.4599038 2.4518553 2.6606914 2.8779042 2.8373663 2.7675396 2.6394349 2.6772067 4.0734510 3.1322377 2.5513489 2.5422788 5.0465624 2.7570452 2.6617321 2.7679258 2.7452952 3.6637056 3.8385392 3.7568599 3.2793885 2.6740904 3.5828111 3.4129934 2.5233878 4.0078632 2.8340401 2.3648137 3.4204916 2.7906237 3.9812157 4.2251329 3.9966477 3.9860141 2.9394458 2.9825129 3.1094231 2.2266022 2.2371858 2.3687861 2.4930412 2.7301510 3.6431073 3.0547372 2.3912664 1.9985405 2.3519563 2.7539175 3.2457089 2.6260617 3.1005727 2.7831805 2.9686384 2.8271077 2.6161112 2.5749715 2.6081449 2.5134877 2.5253068 2.6267080 2.8607143 2.6022201 2.9036399 2.6431554 3.4368992 3.1983726 3.2306059 2.8586368 2.7658769 2.9424646 3.1344101 2.6836471 2.7191312 2.8795650 2.6860501 2.8489184 2.8337759 2.7369810 2.5471770 2.4390352 2.5633894 2.4051196 2.3616861 2.4367014 2.5231698 2.8877277 3.5752077 3.0402519 2.9494310 3.0303922 3.0205869 2.4322167 2.1337756 2.2024072 2.3640099 2.3103984 2.6934035 2.8904585 2.3635792 2.2816845 2.3497238 2.4268634 2.2909705 2.5952390 3.3029662 2.7350831 2.8537024 3.6127601 2.1549038 2.8658496 2.7444618 2.8540087 2.6128091 3.4278227 2.4794308 3.0282241 3.0072660 3.0609675 3.9579249 2.5455776 2.7635089 2.3991557 3.0084335 2.9757876 2.6731363 3.1892900 2.9132265 3.0638592 3.3105148 2.9715746 3.5225150 3.3578318 2.9264571 2.7039522 2.4929592 2.8077371 2.9000196 2.9698388 2.9686241 3.1043955 3.6557573 3.7704920 2.8538201 3.3583175 3.0636689 2.9129629 2.8044976 3.4756844 2.6166898 2.6569827 2.4528478 2.8826215 2.7618838 2.5915519 2.8777031 2.6964422 2.5780266 2.0209356 2.7084027 2.8125662 2.7926884 3.2723508 2.5437480 3.3720495 2.8924697 3.3958192 4.0797716 3.1269891 3.0239500 2.6818973 2.5806352 3.4343467 2.9072031 3.0873038 5.7927043 2.9553265 3.0937312 8.9999983 8.3451540 
