165
Blasemer                                                                                                                                               0.0000000 1.1428514 1.4526626 1.4316251 1.9334423 1.3329305 1.4006791 1.3914649 1.1823563 1.4906856 1.3718006 1.4623017 1.3119979 1.3091777 1.1920113 1.4007444 1.4965937 1.5557535 1.6043277 1.3228506 1.3939309 1.1882573 1.3775717 1.2529223 1.1604912 1.1881766 1.3018889 1.2075669 1.4289356 1.0228319 1.5432932 1.1535217 1.2619948 1.2471563 1.1532268 1.2379343 1.7115601 2.0508174 0.9558622 1.1747318 1.1605679 1.1691941 1.2926916 0.9501237 1.1495770 1.7142594 1.1123938 1.3677240 1.6934829 2.3562475 1.7774770 1.8727875 1.8980356 2.4089048 1.3122203 0.8611209 1.3066093 0.9765470 1.0527672 1.1674409 1.7727626 1.8604562 1.4075428 1.2005080 1.2450685 1.4329606 1.2164637 1.3787558 1.1196725 0.9115828 1.2623762 1.3990075 1.0132073 1.2832621 1.6286390 1.4991168 1.2690875 1.3607462 1.5101391 1.4811687 1.5999036 1.5193821 1.4906050 1.2463863 1.2598263 1.3591861 1.6354393 2.1340270 1.6278431 1.4660899 0.9654641 1.3215467 0.9880301 3.6764576 2.1401847 2.1333133 2.8850137 1.6178491 1.1209972 1.0492576 1.3149274 1.2976692 1.2439617 1.2448428 1.3028169 1.2849916 1.4340890 1.2532497 1.3874203 2.0769714 1.1834291 1.4735043 1.4855659 2.0557465 2.7210247 1.4245831 1.5963267 2.6616547 1.5936207 1.0386294 1.2265531 1.0328315 1.1064368 0.9307616 1.5313148 1.2170160 1.1308961 1.3122095 1.1524919 0.9783120 1.1072896 0.9809038 1.0181928 1.2717755 1.1205658 1.0361152 1.0148415 1.1801867 1.1526113 1.0784798 1.4398941 1.4416113 1.1274862 1.0824549 1.3045302 1.3251976 1.4275181 1.6343609 1.5384366 1.1981235 1.2083281 1.2831231 1.4627134 1.5132159 1.4779941 1.0868124 0.5799747 0.7442736 0.7392388 9.0000000 1.9245518 2.4833210 2.1345542 2.1803346 2.2125052 
Calltube                                                                                                                                               1.1428514 0.0000000 1.6218118 1.3676292 2.2187165 1.4010378 1.2522215 1.1991164 1.2170831 1.2707454 1.1791254 1.4145502 1.2944800 1.3619707 1.3649373 1.2386155 1.4713187 1.4740337 1.4452240 1.3931626 1.2626959 1.0881232 1.0876593 1.0687304 1.2907275 1.5154159 1.2387784 1.0319892 1.3631011 0.9864253 1.4279111 1.3403858 1.0827837 0.4261058 0.4841613 0.6232120 1.4555159 2.0839866 1.0127437 1.0667770 1.1848553 1.0015255 0.9279857 1.1833792 1.1613560 1.6119354 1.1805489 1.4117566 1.5541185 2.3466099 1.6692438 1.6298039 1.7336654 2.0689570 1.1833502 1.3358082 1.6687820 1.1937420 1.1040478 1.0842698 1.7223729 1.7759159 1.2063164 1.2549113 1.0767234 1.2212208 1.2301409 1.2425788 1.1317757 0.9133674 0.9551735 1.1810856 1.1109313 0.9865540 1.6063303 1.2045417 1.2434970 1.2314696 1.3484648 1.4425290 1.4817492 1.5797415 1.4620975 1.2009940 1.3448913 1.4895233 1.9344817 1.6220071 1.4442274 1.3257233 1.1232845 1.3059168 1.0728353 3.4163668 2.2254688 2.3068045 2.9731097 1.5872883 0.9321302 0.8773429 0.4164588 0.4385509 0.4356383 0.4356054 0.5840616 0.4537690 0.7291112 0.5849798 1.3230531 1.9449103 1.2261359 1.4904564 1.6345115 2.0824949 2.6992042 1.5434889 1.7684674 2.7757790 1.7223324 0.8112293 1.2217181 1.0973732 1.0989574 1.1971323 1.4074157 1.1188754 1.2018363 1.5549900 1.1149547 1.2204663 1.2247440 1.1620482 1.0045043 1.2136105 1.1147006 1.0585462 1.2041076 1.2316010 1.4259144 1.0011510 1.3886915 1.4511948 1.0757318 0.9777103 1.3156119 1.4016940 1.4207672 1.5781447 1.7334807 1.5125359 1.5191417 1.5582040 1.6924988 1.8075823 1.8411814 1.3818583 1.1923082 1.2147369 1.2846274 9.0000000 1.8020648 2.4911670 1.9723882 1.9723882 1.5152459 
MAST003A                                                                                                                                               1.4526626 1.6218118 0.0000000 2.3816492 2.2757180 1.8334442 1.8336514 1.8910318 1.7304342 1.8376029 1.9205555 2.1485739 1.9059501 1.9135387 1.6876667 1.9718694 1.9599122 1.8779137 2.1215657 2.1281882 1.9479682 1.6709666 1.7124521 1.6563069 1.7993629 2.0019638 1.8180824 1.7929564 2.2015604 1.7888807 1.9488406 1.9325943 1.8550332 1.7572992 1.8826207 1.6703318 2.3319165 2.5829810 1.6282299 1.5947447 1.6308612 1.5470482 1.7131847 1.4872180 1.7026187 1.6412880 1.6656925 1.6138038 1.9554502 1.7174596 1.7533322 1.7833928 1.7457940 3.0669990 1.7274637 1.9732660 2.2728838 1.7736574 1.7229156 1.6041435 2.0674635 1.9179090 1.8449627 1.6429759 1.5791851 1.7901923 1.6563203 2.0525976 1.6707437 1.7010067 1.7257009 1.7151561 1.6861825 1.5670250 1.7522233 1.5087708 1.8140916 1.6591353 1.5628749 1.7422136 1.6464107 1.8460976 1.7263601 1.6906729 1.5709375 1.7198867 2.2192951 2.1424410 1.6945164 1.5744661 1.4876613 1.6850946 1.5683329 2.6939664 2.0934324 2.0181740 2.8341010 1.7586556 1.6933052 1.6754452 1.6957436 1.7558824 1.7198242 1.8430171 1.8336754 1.8230874 1.8353507 1.6881752 2.1791039 2.2748177 1.8123647 2.2152735 1.9284927 2.5608364 3.2838101 1.9439139 2.8875817 3.1187930 2.0412503 1.6960997 1.7202659 1.6573277 1.7537400 1.7695849 1.7484164 1.5691477 1.7631279 1.7752723 1.5213552 1.6025850 1.7223325 1.6233564 1.5555709 1.6351179 1.5798955 1.6649372 1.7524702 1.4735929 1.4561507 1.7072041 1.9622860 2.0952134 1.7807816 1.5503567 1.9354395 1.9998706 2.0478091 1.8757859 2.0943779 2.2139835 2.1909573 2.1534138 2.1668127 2.2592449 2.3740737 1.9463357 2.1657114 1.9055528 1.7806900 2.5834425 2.1173869 2.1502671 1.9878157 2.1219820 2.3026479 
Andagodo                                                                                                                                               1.4316251 1.3676292 2.3816492 0.0000000 3.0618783 2.2031535 2.2281827 2.4799538 2.0254617 2.3567061 2.4910364 2.8562368 1.7609437 2.7639430 1.5218964 2.5534448 1.5769740 2.5495129 2.8922557 1.6640588 2.3826991 2.1561332 2.3274814 2.2198480 2.3793657 2.4473219 2.4374743 2.2172205 2.1099002 1.4037213 2.3576793 2.4129316 2.6733089 2.3207929 2.4689717 2.2815883 2.5021295 2.6907121 2.0156619 2.1261235 2.4272350 2.3046602 2.3067514 2.3463654 1.4957835 2.5643071 1.4486857 1.8126943 2.4999455 3.7036533 2.4893732 2.6834737 2.9455981 3.6521518 2.3390841 2.1995779 2.3576923 2.1880003 1.9515552 2.2352780 2.8397098 2.3942632 2.0181062 2.2454862 1.8909182 2.1188901 2.1392777 2.5694040 2.3652052 2.0883425 2.2555645 2.5245931 2.3878778 2.1880035 2.6947847 1.9384536 2.3935897 2.5810774 2.3175973 2.5842665 2.2831315 2.5698491 2.5994380 2.3670575 2.3054399 2.5457414 3.1703847 2.5080518 2.6244301 2.4849755 2.2836056 2.3609414 2.1485024 3.9548175 3.4269720 3.1089887 3.9830261 2.8102221 2.2362415 2.2378796 2.5169851 2.1091690 2.0301138 2.2629747 2.5607711 2.4106184 2.5440946 2.2632337 2.7228672 2.8121093 2.4069870 2.8996625 2.8300477 2.8016743 3.7615600 2.3906415 3.0171304 2.5325879 2.7207132 1.8260094 2.2538205 2.1971619 2.2020237 1.9608023 2.4301050 2.0496826 2.1890346 2.4113775 2.0558709 2.2224678 1.5889584 2.1186379 2.0813916 1.9772111 2.0517220 2.1897105 2.2672028 2.0353132 2.2509935 2.0833695 2.5224062 2.5644165 2.2918824 2.2242858 2.5459180 2.8273654 2.8210335 2.6690349 1.9513096 2.3878420 2.3364829 2.3225914 2.4595005 2.3604942 2.4894917 2.3793455 1.9506274 2.2431001 2.1577370 4.2634543 2.5565590 3.7042548 2.8220325 2.7018689 1.6777128 
Retifilo                                                                                                                                               1.9334423 2.2187165 2.2757180 3.0618783 0.0000000 2.2469431 2.2512209 2.2394490 2.1944562 2.4837689 2.5036924 2.9692897 2.5964097 2.3996334 1.9477600 2.4394089 2.6919719 2.3638487 2.5242780 1.8701322 2.3141579 2.1712486 2.2068235 1.9252723 2.2432712 2.1401566 2.2315126 2.0543135 2.4860329 1.6666674 2.3689838 2.1525666 2.2905221 2.3334745 2.1844549 2.2291366 2.3373254 2.5381215 1.9106550 1.9905103 2.1434781 2.0781568 1.9693454 2.0780139 1.9317995 2.5759339 2.0207138 1.9218634 2.4524909 3.0321005 2.6208150 2.5197034 2.6043163 4.6488835 2.1440022 2.4104152 2.5153365 2.1431598 2.0902963 2.1767917 2.6179521 2.7305072 2.3111214 2.5019731 2.1117522 2.2257468 2.0767601 2.7745933 2.1060207 2.0725926 1.9507590 2.2044935 1.9117243 1.9144604 2.4579897 2.0773742 2.6215839 2.3392697 2.3678308 2.4604011 2.1886721 2.3552927 2.3721423 2.6024287 2.6431897 2.4911002 2.8924213 2.8651549 2.3002849 2.3061729 2.3169353 2.3072987 2.2030743 3.2495196 2.9212420 2.7265578 3.1766316 2.5419319 1.9049491 1.9525842 2.1189417 2.1901786 2.1556566 2.2720737 2.2527408 2.2658215 2.2252890 2.1685886 2.4389644 2.6700252 2.3344001 2.5176383 2.5454167 2.9801003 3.6773347 2.4940524 4.0428564 3.4108035 2.2604830 1.4088701 1.9545345 2.1456294 2.3271283 2.1749541 2.4329451 2.0937498 2.1807430 2.0422694 2.3465773 2.1488387 2.0837592 1.9962636 1.8493203 2.0853986 2.0459123 2.1588299 2.1293316 2.0028197 1.9449623 2.1066033 2.3301409 2.1979546 2.1495690 2.1953941 2.3913747 2.3281943 2.3962923 2.3171687 2.3896299 2.5215908 2.5144158 2.5845395 2.5518192 2.5542030 2.4887441 2.2794785 2.4209778 2.7454657 2.2873040 2.5525336 2.0248060 2.6460098 2.5425954 2.7258422 4.9493960 
Naeggrub                                                                                                                                               1.3329305 1.4010378 1.8334442 2.2031535 2.2469431 0.0000000 1.5711273 1.5835249 1.4753066 1.5584375 1.9757093 1.9578386 1.4878421 1.6384297 1.3394802 1.7294840 1.6873273 1.9458580 2.0476591 1.6317201 1.7755933 1.5287864 1.7044840 1.5445672 1.6598189 1.8474998 1.8429205 1.6628453 1.6769386 1.4363224 1.7867515 1.7203515 1.8404570 1.6624187 1.7625549 1.5560339 1.8161618 2.4403191 1.4572829 1.5764339 1.7290682 1.5774146 1.5747953 1.5447675 1.2605527 1.8919698 1.3455080 1.7386203 2.1018572 2.1628287 1.8216588 1.8769845 2.0018020 3.4136382 1.5244150 1.7642209 2.0368295 1.4653764 1.4117918 1.4753231 1.8969227 1.7158891 1.7344577 1.6634824 1.5302718 1.4859425 1.5292644 1.7382179 1.3556253 1.3416900 1.4249075 1.7230654 1.6492908 1.6091705 1.8725028 1.7161855 1.9429879 1.8684771 1.6325309 1.7808976 1.6076887 1.7609653 1.7116548 1.6451787 1.7541808 1.9026313 2.4542158 1.9835070 1.9765639 1.7535626 1.6008721 1.8585383 1.5893224 2.8505099 2.4045084 2.3072172 3.0311019 1.8618926 1.3820057 1.4579096 1.7481868 1.6492853 1.6377290 1.7574374 1.7351947 1.8121295 1.7147114 1.6072346 1.8619197 2.2314621 1.7018100 1.9612631 1.9651546 2.4383376 3.1808703 1.8303859 2.8121674 3.0121801 1.8085366 1.0373802 1.6568806 1.5139516 1.5445244 1.5768245 1.7531350 1.6181148 1.7349610 1.6691527 1.3933645 1.4583888 1.3290106 1.4032470 1.3461456 1.3003625 1.3734266 1.3754790 1.4993279 1.2566460 1.3186321 1.4724976 1.7849891 1.7694196 1.3561469 1.5517797 1.5108775 1.7131651 1.8424736 1.7657628 1.8194109 1.8806242 1.9416724 1.8986110 1.8941388 1.9610081 2.1784402 1.6948072 1.5521890 1.7572022 1.6591242 2.5195960 1.9414574 2.2112928 1.9183264 2.0781514 1.3323623 
Arabthal                                                                                                                                               1.4006791 1.2522215 1.8336514 2.2281827 2.2512209 1.5711273 0.0000000 0.8551102 1.0414760 1.1372564 1.5345760 1.4414476 1.2157266 1.1314569 0.9181650 1.3102774 1.2870283 1.6413028 1.7512995 1.4983279 1.6276493 1.4916466 1.5282391 1.4715088 1.8024228 1.8808120 1.8105101 1.8342576 1.7595337 1.4680497 1.8617507 1.7297519 1.9165525 1.5367238 1.5788848 1.5464586 1.7822744 2.3723371 1.4969066 1.6118452 1.7381755 1.4497141 1.5640405 1.5799185 1.4404811 1.9099940 1.5197861 1.5430169 1.9693810 2.1802766 1.7097719 1.7802050 1.9383370 2.9472764 1.6474831 1.6917262 2.0152030 1.4826603 1.3140541 1.3268092 1.9921104 1.7860961 1.5809263 1.5076034 1.3762531 0.3790198 0.5753335 1.3213830 1.0467017 1.2431908 1.3238486 1.6182969 1.6148040 1.6324296 2.0206408 1.7380800 1.8364305 1.8579322 1.7424538 1.7516145 1.6742155 1.8404402 1.7562947 1.7020495 1.7681316 1.9695556 2.4437597 2.2269180 1.9463093 1.6962879 1.4933391 1.6896646 1.5724694 3.1490749 2.4983620 2.4876416 2.9871384 2.0028629 1.3267030 1.4215885 1.5310930 1.5184308 1.4429987 1.5208470 1.6269984 1.5803263 1.7309170 1.5245372 1.9133517 2.1850212 1.7535237 2.1033691 2.0088842 2.7209471 3.2759626 1.8883719 2.7784898 2.8591849 1.9847891 1.1209587 1.4778573 1.4942588 1.4554347 1.4699124 1.6389677 1.5296835 1.6562978 1.5916254 1.2843634 1.3483941 1.2243515 1.4689295 1.2838117 1.3869091 1.3549741 1.3477175 1.5327632 1.3368528 1.4314885 1.5917647 1.6883246 1.6857095 1.4223321 1.4576338 1.5963090 1.6220064 1.7455853 1.8104882 1.5789763 1.7726821 1.9309643 1.9751164 1.9831175 2.0835354 2.1235380 1.7396266 1.5325907 1.6766773 1.6518066 2.4387465 2.1040754 2.1259733 1.9440962 2.0541967 1.5652415 
Charbrau                                                                                                                                               1.3914649 1.1991164 1.8910318 2.4799538 2.2394490 1.5835249 0.8551102 0.0000000 1.0831234 1.1365874 1.5266186 1.4522549 1.1385120 1.2334808 1.0806853 1.2694324 1.2610051 1.7767865 1.8171217 1.3136526 1.6542424 1.5084514 1.5804469 1.4169152 1.6952389 1.8984505 1.8377107 1.5424104 1.6322711 1.5838378 1.8757247 1.7422050 1.9861367 1.5568260 1.6127037 1.5197216 1.7984700 2.3995190 1.4757599 1.6385294 1.6012518 1.5387618 1.5861521 1.5234049 1.3117825 1.9498209 1.5489217 1.4502879 2.0318329 2.1661977 1.7829620 1.7723560 1.8656366 3.0950074 1.6863514 1.6617247 1.9779857 1.5744899 1.4691995 1.4490807 1.9869006 2.0364489 1.6033855 1.5573812 1.4426408 0.8471537 0.7666583 1.2837987 1.0866048 1.2835089 1.3094866 1.6382513 1.6793977 1.6208734 1.9829302 1.6112526 1.6617797 1.7236091 1.6733550 1.7275460 1.5619784 1.8792285 1.8161835 1.6659252 1.8006520 1.8851656 2.1951798 2.2617287 1.9890276 1.6846635 1.5059101 1.7402816 1.4217443 3.0969203 2.5860078 2.4291475 2.9235020 1.9536373 1.2902162 1.3605842 1.4875423 1.5696521 1.4891455 1.5456168 1.6577852 1.5820422 1.6109125 1.5758515 1.6593046 2.1398244 1.6694776 1.9990920 1.9265516 2.7240187 3.1026144 1.7461456 2.8234856 2.7638647 2.0527520 1.0492229 1.5505738 1.4977410 1.5160652 1.5164084 1.7415487 1.5405669 1.6804705 1.7110395 1.4326562 1.3947650 1.2829547 1.5314549 1.3710241 1.3496296 1.4311563 1.3914535 1.5535788 1.4171688 1.5330285 1.6176564 1.7049827 1.7552902 1.5106672 1.4968531 1.7018801 1.6532297 1.8360962 1.7275213 1.6753951 1.7255709 1.9270224 1.8494065 1.9126164 2.0036117 2.0398570 1.6344301 1.5215601 1.5463412 1.5180945 2.5494245 2.0817967 2.2633751 2.0160713 2.0809819 1.8136500 
Nephpyri                                                                                                                                               1.1823563 1.2170831 1.7304342 2.0254617 2.1944562 1.4753066 1.0414760 1.0831234 0.0000000 0.9933902 1.3227162 1.2874100 1.0262398 1.0519048 0.8517112 1.1386154 1.3242327 1.5959563 1.6767061 1.3789863 1.4852152 1.2676374 1.3610321 1.4093897 1.5575280 1.5322824 1.6290875 1.4292292 1.7229050 1.4466942 1.7231463 1.7237285 1.7224874 1.4007633 1.5187216 1.4504765 1.8304731 2.3569461 1.2320832 1.4947545 1.5037962 1.3876356 1.4339562 1.3332348 1.3886821 1.9353958 1.5684030 1.6346853 1.9011054 1.9199828 1.7021633 1.6694516 1.7499087 2.9539338 1.5004496 1.6029713 2.0466723 1.4357083 1.3065771 1.2281162 2.0172080 1.9871582 1.4860305 1.3776344 1.2786685 0.9538953 0.8480843 1.0894540 0.9834651 0.9826957 1.1746083 1.5347291 1.4067595 1.4858204 1.8727016 1.5348976 1.6990149 1.8788265 1.7069916 1.8670750 1.6359054 1.7492416 1.7878600 1.6872896 1.8415465 1.7663685 2.1871745 2.3199201 1.8959207 1.5584597 1.3857916 1.5284192 1.3207264 2.6392936 2.1771999 2.1444126 2.9078388 1.8881607 1.2868099 1.3232785 1.3596194 1.4391942 1.3500157 1.3928073 1.4954390 1.4415238 1.5764172 1.4772682 1.6999044 2.1586090 1.6267555 1.9119774 1.6519594 2.4619807 2.9746458 1.6161360 2.5568048 3.0581401 1.8796984 1.3450866 1.4784854 1.3109371 1.3774182 1.3450582 1.6081689 1.3629474 1.3425804 1.5128434 1.2423941 1.3703129 1.2264946 1.3758561 1.1889169 1.2384899 1.1516648 1.2738995 1.4503543 1.1676776 1.3511896 1.4176614 1.5897926 1.5521157 1.3838868 1.4005747 1.4410719 1.7395535 1.6501581 1.7469160 1.8309585 1.7590643 1.7454202 1.9724556 1.9839257 2.0891017 2.1296095 1.5838350 1.4771202 1.5766806 1.5241936 2.0624503 2.1648194 1.9838345 1.9103740 2.0171645 1.4394441 
Chlarein                                                                                                                                               1.4906856 1.2707454 1.8376029 2.3567061 2.4837689 1.5584375 1.1372564 1.1365874 0.9933902 0.0000000 1.5955730 1.1662472 0.9145608 1.1218272 1.0794316 1.3575434 1.5026459 1.8133392 1.8631248 1.7269377 1.6946873 1.3508981 1.4428373 1.5691923 1.6738630 1.8449822 1.7535574 1.6635464 1.9276071 1.8975829 1.9412292 1.8223194 1.7572718 1.5813427 1.5883999 1.5294241 1.8949134 2.7507645 1.5031199 1.6199167 1.6903494 1.5769985 1.5892862 1.4162522 1.3341224 1.9507364 1.7661451 1.8697713 1.8951361 1.9006845 1.8333238 1.7380329 1.8585783 2.8982606 1.5315673 1.8785294 2.2873287 1.6392190 1.4723705 1.3580410 2.0120797 1.9329591 1.5640075 1.5040515 1.5108106 1.0932675 1.0760111 0.5436141 1.0710777 1.2088112 1.3469044 1.7708579 1.6208540 1.6055202 1.7921519 1.5215306 1.6553201 1.8718770 1.6132303 1.7459476 1.5969044 1.7095061 1.7845707 1.6885260 1.4990851 1.8250088 2.2461817 2.0142921 1.8800460 1.5899469 1.5568077 1.6689246 1.4477658 2.7914239 2.4556011 2.3582810 2.9140300 2.0426495 1.3843244 1.4197497 1.4832844 1.5019562 1.5340978 1.5715974 1.6406338 1.5758330 1.6776399 1.5436009 1.8078639 2.1600387 1.7732932 1.9027595 1.7102774 2.5775126 3.0292088 1.6099125 2.6498959 2.9747159 1.9251605 1.3821588 1.5246922 1.4476756 1.5391700 1.3979365 1.6460057 1.4243245 1.6061894 1.8158008 1.3559210 1.4826948 1.3899593 1.5693660 1.3844058 1.4377503 1.3676278 1.4503438 1.6016684 1.4301057 1.5182287 1.5310669 1.7564148 1.8418124 1.5043542 1.5756652 1.6181807 1.8135455 1.7797194 1.7543338 1.9561262 1.8111857 1.9278628 2.0621475 1.9744794 2.4084210 2.2689454 1.7722508 1.6680421 1.6243758 1.7173908 2.6612523 2.1019162 2.0304832 1.8206386 1.8683267 1.5760298 
Prascaps                                                                                                                                               1.3718006 1.1791254 1.9205555 2.4910364 2.5036924 1.9757093 1.5345760 1.5266186 1.3227162 1.5955730 0.0000000 1.6177601 1.2516770 1.4522084 0.9460248 1.1651861 1.3206949 1.8255049 1.7831607 1.1786393 1.7390159 1.5817187 1.7047906 1.6171505 1.9393711 1.9684787 2.0714359 1.5843646 1.5190562 1.3916518 2.0418416 1.7839740 1.9619323 1.5758192 1.9161475 1.6400906 1.4387032 2.4769471 1.5170796 1.6498252 1.7949235 1.6072966 1.6259274 1.8405026 1.2960873 2.2248866 1.5573797 1.8938256 2.0026921 2.4843876 2.2596772 2.0251733 2.0994044 3.2031967 1.5868884 1.9852484 2.3797980 1.7496807 1.5495351 1.5089203 1.9880819 2.2020754 1.6253929 1.6252253 1.5560367 1.4407631 1.3476800 1.4651862 1.4792710 1.2842408 1.4423369 1.7287723 1.5962105 1.6845453 2.0554848 1.8752588 2.0313099 2.2317720 1.9330538 2.1050970 1.9636081 2.0653978 2.2179556 1.8898803 1.9232796 2.0733751 2.6552032 2.7151246 2.1139981 2.0071502 1.7772973 1.9862557 1.8709220 3.2639386 2.5055985 2.5198452 2.7885773 1.9462090 1.5673239 1.6600590 1.6459576 1.6460606 1.5876530 1.5738683 1.7399995 1.6344086 1.7522369 1.7209821 1.8183747 2.5043017 1.8767808 2.1495656 2.1828965 2.3933398 3.1092772 1.9066962 3.1104393 2.6156552 1.7645750 0.8656587 1.6623087 1.7308278 1.8082886 1.7502357 1.7674881 1.4309552 1.4455234 1.7462498 1.4142212 1.7397146 1.6993350 1.6988006 1.4598856 1.4793632 1.5184178 1.5748701 1.6878798 1.4098743 1.4880067 1.5285355 1.7587342 1.7093165 1.3709156 1.7562948 1.6255488 1.7437516 1.8805240 1.9974486 1.7816394 1.9793867 2.1308633 2.2028105 2.1688657 2.3314247 2.5389370 1.9896162 1.5681690 1.7047957 1.6312291 2.2400088 1.6286688 2.1703012 1.9156137 1.8260576 8.9999990 
Dunasali                                                                                                                                               1.4623017 1.4145502 2.1485739 2.8562368 2.9692897 1.9578386 1.4414476 1.4522549 1.2874100 1.1662472 1.6177601 0.0000000 0.9930870 1.3780149 0.8651124 1.3761797 1.4344940 2.0671893 2.1122790 1.4000396 1.9834449 1.7585091 1.8830601 1.8822769 2.0132965 2.0819954 2.1415415 1.9521722 1.6924357 1.6422340 2.3535928 2.1923906 2.4957602 1.9613576 1.9959591 2.0131928 1.7745531 2.9979605 1.8689602 1.9930381 2.1398302 1.7628947 2.0377634 1.7992285 1.3613657 2.4612719 1.5596795 2.1682270 2.2585001 2.4426625 2.0113087 2.1272590 2.2999753 2.8768527 1.9358723 2.2278406 2.5507745 1.9324536 1.7610912 1.7272263 2.3902302 2.3677754 1.8932817 1.8531365 1.8281042 1.4034191 1.3571287 1.1535965 1.4233807 1.5819620 1.7269093 1.7853640 1.9749581 1.9741846 2.3112785 2.1186976 2.1570621 2.2877793 2.0557211 2.3198111 2.2627782 2.2406288 2.1727125 2.0931558 2.4643207 2.3418213 2.7287879 2.9109097 2.3351864 2.0783899 1.8632850 2.1075719 1.8885969 3.4427294 3.0288259 2.9711621 3.3114624 2.5959080 1.7500827 1.7859584 1.9063822 1.9638648 1.8851989 1.8968076 1.9525524 1.9487259 1.9727700 2.0629756 2.2130477 2.5416656 2.0681920 2.4960965 2.3125221 3.0033944 3.4736707 2.2463730 2.8085053 3.0454305 2.2663758 1.1902702 1.9852411 1.7854114 1.8814660 1.8177758 2.1535323 1.7808236 1.8395963 2.2833467 1.6521086 1.8461380 1.4064124 1.9064684 1.7086209 1.6305617 1.7063915 1.7444550 1.8970911 1.6852533 1.9939482 1.9041237 2.1661006 2.3093736 1.7046496 1.8179102 1.9921379 2.2168698 2.2149074 2.1265731 1.9473813 2.2632365 2.4179364 2.4692000 2.3921439 2.6674922 2.6078064 2.1882116 1.9292332 1.9466187 1.9265687 3.4336856 1.9122327 2.9329964 1.9522655 1.9363578 1.6109129 
Chlovari                                                                                                                                               1.3119979 1.2944800 1.9059501 1.7609437 2.5964097 1.4878421 1.2157266 1.1385120 1.0262398 0.9145608 1.2516770 0.9930870 0.0000000 0.9440026 0.9273281 1.1074805 1.5089129 1.8843574 1.8101248 1.5414779 1.5633672 1.5120432 1.3574341 1.4506898 1.6725948 1.7502285 1.6319819 1.4170759 1.7099298 1.5774769 1.9458672 1.5810364 1.6030878 1.4812398 1.6845095 1.5696097 1.8620694 2.7704381 1.3698378 1.4015120 1.5898723 1.4236135 1.3563162 1.3958397 1.2704042 2.0803915 1.6007317 1.9102098 1.7851186 2.7022637 1.7909335 1.9063490 1.9036606 2.1350977 1.5422585 1.6493559 2.0278308 1.4420644 1.3164075 1.2268600 2.0636286 1.9917884 1.3971328 1.4661876 1.4607321 1.1668194 1.2712326 0.8161020 1.0496326 1.0863895 1.3164842 1.3909480 1.4372616 1.5103400 1.9281475 1.4175757 1.6374718 1.8889238 1.5245469 1.8030801 1.6672207 1.8064160 1.7798586 1.4443742 1.4608210 1.9625363 2.2279463 2.1187899 2.0593663 1.6107675 1.4787232 1.7147609 1.4090326 3.7219495 2.7669598 2.6593664 3.1512242 2.3217592 1.2846776 1.2459973 1.5020178 1.5767965 1.5055019 1.5131966 1.6364913 1.4909230 1.8226949 1.6268474 1.8176035 2.4040091 1.7782986 2.3796462 2.1728299 3.0206672 3.5382887 1.7554562 2.0519118 2.8397230 1.9729038 1.2799367 1.4600635 1.3536911 1.2972562 1.2501404 1.7564431 1.3428421 1.4289327 1.5784645 1.2327913 1.3619645 1.2735379 1.3977049 1.3174399 1.3502950 1.2570666 1.1952729 1.4855155 1.3034216 1.5099977 1.2267635 1.9062745 2.0239296 1.2743648 1.4449736 1.6393699 1.9227390 1.8092479 1.8413393 1.7453679 1.8901121 2.0843073 2.1274862 2.3167300 2.2921480 2.2244334 1.7906965 1.5292608 1.5306861 1.5597066 5.7671731 2.2611180 3.2781254 2.2096415 2.2096415 1.5121865 
Tetrasti                                                                                                                                               1.3091777 1.3619707 1.9135387 2.7639430 2.3996334 1.6384297 1.1314569 1.2334808 1.0519048 1.1218272 1.4522084 1.3780149 0.9440026 0.0000000 0.8658120 1.2816053 1.3758799 1.8550314 1.9594416 1.4861570 1.5996459 1.4058388 1.4486815 1.5465167 1.6650785 1.8166161 1.7519211 1.6251345 1.6568557 1.5911735 1.8076068 1.7193388 1.7744918 1.5960620 1.6915904 1.6347005 1.9544167 2.4046008 1.6548515 1.6541723 1.6363228 1.5692860 1.5836326 1.4340470 1.3882846 1.9982425 1.5023181 1.8302825 2.0023106 1.9923843 1.9229003 1.9306450 2.0612902 2.9830295 1.5653864 1.7522037 2.1148979 1.5628446 1.4174978 1.3150251 2.1167839 2.1266587 1.6309097 1.4050976 1.3683897 1.1587753 1.1770822 1.1032208 1.1507450 1.3044594 1.3190876 1.5462073 1.5801575 1.7098421 1.9918855 1.7027113 1.9143648 2.0466167 1.7703502 1.7436453 1.8217013 1.8507917 1.8509414 1.7701221 1.9268517 2.0454766 2.3182604 2.4927917 2.0773485 1.8351074 1.4570983 1.6808652 1.4054046 3.0881891 2.4769866 2.3752661 3.3199018 1.8807974 1.5618736 1.4930123 1.6816284 1.5916657 1.4935785 1.6087602 1.6576999 1.7254775 1.7927861 1.6756191 1.7591053 2.2005675 1.7174990 1.9745383 1.8460995 2.6440519 2.9825281 1.7638170 2.8006303 2.8370547 2.0893324 1.7780974 1.6559401 1.6311726 1.6426708 1.4704849 1.8041862 1.5065304 1.6242284 1.5350488 1.4200017 1.5644989 1.3421910 1.4851485 1.3666033 1.3743172 1.3799951 1.3611335 1.5886318 1.4051865 1.4543617 1.6254461 1.9462784 1.8949787 1.4120998 1.5699348 1.7237607 1.8421184 1.9200322 1.8052274 1.8435442 1.8422113 1.9471011 1.9140889 2.1568628 2.0859156 2.2155470 1.7574837 1.6553062 1.7122919 1.4932276 2.5069646 2.8149689 2.1126549 2.2671999 2.3332333 1.5912474 
Mesoviri                                                                                                                                               1.1920113 1.3649373 1.6876667 1.5218964 1.9477600 1.3394802 0.9181650 1.0806853 0.8517112 1.0794316 0.9460248 0.8651124 0.9273281 0.8658120 0.0000000 0.9843290 1.4093491 1.5925193 1.6133307 1.5725108 1.3356570 1.1828730 1.2458844 1.2909146 1.5620081 1.4282688 1.6188260 1.2848297 1.5809901 1.6140770 1.5276848 1.3534233 1.2212784 1.4975314 1.5094965 1.5048518 1.6320348 2.2742283 1.1700055 1.4155624 1.3664694 1.2955989 1.2857364 1.2007388 1.1778101 1.8860585 1.2383524 1.7748909 1.6076695 2.6545453 1.6250504 1.7636147 1.7676192 2.0945383 1.3290583 1.5782268 1.7792698 1.2653241 1.1163356 1.2340844 1.8886128 1.9256952 1.3041706 1.2518957 1.3876525 0.9555159 0.9360190 0.8236266 1.0438958 0.9167377 1.1201828 1.1636799 1.2830238 1.3244588 1.8767942 1.3723987 1.4541829 1.5515339 1.5374461 1.4242217 1.4935210 1.5457977 1.4523006 1.2852005 1.5242636 1.7006081 2.0165167 1.8566053 1.9784059 1.6946898 1.2330884 1.4186697 1.2694199 3.6710295 2.8422743 2.6913102 3.2296578 2.1089579 1.2213303 1.2627002 1.5087411 1.4827920 1.4429818 1.4582918 1.4013331 1.4588903 1.6504148 1.5119056 1.6144906 2.3491345 1.6410860 1.6939443 1.8296703 2.5535092 3.1675941 1.5300609 2.0855199 2.7610931 1.9750121 1.3162461 1.3755547 1.2597727 1.3035911 1.1885413 1.6422375 1.2495946 1.2826211 1.5552714 1.1898189 1.2653599 1.2660107 1.2497200 1.2700150 1.1980533 1.2006958 1.1160549 1.4580743 1.1119448 1.1276315 1.1251886 1.6181901 1.6855102 1.2796252 1.1550056 1.6404250 1.6534925 1.6101489 1.7331134 1.7149048 1.8281604 1.7980571 1.7142435 1.9267543 1.9679660 1.8881292 1.6941101 1.2455113 1.3527733 1.3453286 0.0000010 2.1755737 3.1036097 2.3006329 2.3006329 1.6623013 
Prassing                                                                                                                                               1.4007444 1.2386155 1.9718694 2.5534448 2.4394089 1.7294840 1.3102774 1.2694324 1.1386154 1.3575434 1.1651861 1.3761797 1.1074805 1.2816053 0.9843290 0.0000000 1.3272371 1.7681391 1.7037888 1.4033204 1.6990271 1.5464163 1.5260090 1.4567724 1.7403622 1.8369238 1.8789322 1.6042713 1.6636036 1.6276744 2.1069978 1.7695422 1.9725473 1.6275448 1.7706640 1.7538330 1.6736275 2.7294795 1.5475710 1.6573327 1.6926905 1.7175460 1.7292741 1.5850272 1.3238230 1.9737530 1.5278472 2.0658144 1.7985388 1.9882228 1.8733591 1.8857698 1.9379480 2.9844294 1.5432992 1.8416320 2.1090398 1.5807239 1.5712126 1.5510602 2.2692382 2.0589261 1.5432575 1.5485131 1.4979677 1.2724815 1.1998940 1.2985533 1.1713094 1.2373621 1.3800801 1.7155412 1.6244509 1.7819955 1.7811865 1.6950418 1.8026673 1.8798624 1.7943271 1.9754729 1.7815982 1.9546810 1.8957760 1.7630365 1.8791749 1.9989741 2.3647052 2.2751658 2.1120778 1.7764981 1.5361889 1.8840707 1.5175027 2.9369316 2.4427485 2.3413340 3.0611290 2.0782786 1.4640484 1.5812401 1.6558590 1.5979485 1.5706016 1.6599183 1.7886306 1.5918081 1.6684518 1.7912617 1.8770210 2.1883215 1.7889994 2.1544662 2.0479573 2.6526278 3.1291288 1.8598975 2.9678944 3.0676341 2.0014437 1.2259733 1.7265936 1.5997390 1.6985818 1.5591998 1.8335673 1.5259644 1.5750114 1.8323723 1.4944511 1.6088075 1.4624062 1.6254559 1.4608646 1.5048344 1.4643774 1.4386129 1.7882493 1.6102284 1.6303577 1.5356976 1.9500323 1.9317860 1.4166480 1.5939078 1.5007653 1.6512563 1.7283581 1.7394091 1.7981987 1.8822964 1.9673977 2.0756758 2.1162626 2.1761261 2.1937705 1.8100622 1.7071940 1.6874643 1.7482522 2.5490330 2.0587425 2.3019011 2.0284611 2.0200529 1.7928137 
AcanthFB                                                                                                                                               1.4965937 1.4713187 1.9599122 1.5769740 2.6919719 1.6873273 1.2870283 1.2610051 1.3242327 1.5026459 1.3206949 1.4344940 1.5089129 1.3758799 1.4093491 1.3272371 0.0000000 0.7633559 0.8562614 0.7330240 1.2941781 1.1454749 1.1979343 1.2210673 1.5036049 1.7556204 1.7364613 1.6626690 1.6935119 1.4632803 1.7149704 1.5546437 2.0466545 1.4823678 1.6251406 1.3229096 1.6572554 2.2701157 1.5166269 1.5369459 1.5493729 1.5899971 1.5361380 1.6494311 1.6204584 1.8191910 1.6189579 1.5221205 1.9722473 2.4144376 1.7001217 1.8730852 1.8687510 1.9264688 1.6692964 1.8758676 1.8325383 1.3859728 1.1783671 1.3756504 1.9086849 1.8818406 1.2187020 1.0959702 1.3150720 1.3443986 1.3408121 1.3200079 1.3611621 1.1758139 1.2026859 1.4146576 1.4881395 1.4596070 2.0567759 1.7223484 1.4286952 1.4516408 1.6810948 1.7695880 1.6994779 1.8789574 1.8045717 1.6723452 2.1688074 1.9766436 2.4184597 1.8876093 2.0696484 1.8710660 1.5441214 2.0032687 1.4995370 3.7348964 2.9018307 2.9473276 3.0686714 2.2247944 1.2021218 1.3453191 1.5227860 1.4717156 1.4544275 1.4816616 1.5506704 1.4635705 1.5295893 1.3800883 1.5335635 2.0786232 1.4791740 1.8622093 2.0220975 2.3808027 2.5912489 1.6680585 2.0036342 3.0623521 1.9222890 1.1074202 1.3812870 1.5245900 1.5683266 1.4518302 1.6923985 1.3741216 1.6177307 1.6797125 1.5132543 1.4016183 1.3303966 1.4707378 1.4397395 1.4424597 1.4002117 1.3980769 1.5100778 1.3596128 1.5216779 1.4087225 1.5987913 1.7278604 1.2530037 1.3496779 1.4702926 1.5404062 1.7559964 1.8031553 1.6280627 1.6002856 1.7027885 1.9136958 1.9243716 1.9979072 2.2024492 1.7701312 1.5032140 1.5644794 1.7905077 9.0000000 1.9546617 2.5804516 2.2040748 2.2040748 1.6073087 
ChoanoFB                                                                                                                                               1.5557535 1.4740337 1.8779137 2.5495129 2.3638487 1.9458580 1.6413028 1.7767865 1.5959563 1.8133392 1.8255049 2.0671893 1.8843574 1.8550314 1.5925193 1.7681391 0.7633559 0.0000000 0.9257176 0.9241854 1.7336900 1.5618653 1.6226889 1.4535958 1.7773390 1.8907480 2.0342381 1.8819735 1.9041988 1.7505725 2.0508360 1.8544562 1.8879400 1.6028807 1.8824598 1.6633690 1.8917894 2.4915169 1.6441569 1.6703692 1.7342344 1.6708367 1.7344616 1.7262705 1.6078916 1.8901354 1.4968321 1.6982454 1.9429939 2.0594176 1.7314567 1.7340408 1.8367191 3.2596070 1.8221950 2.1002691 2.2572417 1.6691767 1.4851267 1.5892451 2.2992100 2.2159862 1.6250117 1.5277213 1.6423404 1.6408941 1.5981818 2.0163270 1.5957112 1.6581423 1.5880051 1.6588057 1.6913566 1.8120434 1.9959954 1.8746357 1.7833515 1.8168869 1.7876606 1.8432904 1.6870939 1.8752957 1.8354210 1.7629714 1.8944127 1.9837027 2.5103426 2.3471459 2.0558479 1.8864937 1.7159653 2.0453828 1.7574859 3.2973009 2.4188440 2.3860708 2.9399479 2.1224108 1.5832474 1.5005467 1.6287073 1.6828093 1.5923737 1.5550436 1.7784766 1.6050470 1.8528238 1.6217122 1.8481732 2.4101093 1.9174260 2.0655584 2.0450459 2.7170313 3.2883311 1.9917893 2.9607415 3.4644204 2.0658405 1.2952093 1.6352431 1.8563459 1.8095573 1.7932489 1.7195601 1.4819962 1.5734406 1.6687618 1.5032874 1.5491721 1.6166523 1.5696192 1.6228763 1.6518404 1.4944608 1.5833984 1.7471954 1.6576900 1.6215514 1.6816936 1.8650630 1.9375370 1.5555880 1.6132589 1.5610438 1.7407712 1.7840434 1.7976454 1.6895268 1.9362414 2.0665322 2.0965998 2.2069795 2.2605026 2.3101062 2.0918967 1.7514068 1.8994367 1.9074913 2.3220698 2.2534179 2.2973424 2.4366248 2.5833686 2.0859235 
Raphhete                                                                                                                                               1.6043277 1.4452240 2.1215657 2.8922557 2.5242780 2.0476591 1.7512995 1.8171217 1.6767061 1.8631248 1.7831607 2.1122790 1.8101248 1.9594416 1.6133307 1.7037888 0.8562614 0.9257176 0.0000000 0.8837879 1.7076616 1.6054175 1.7115746 1.6861903 1.9914926 2.0061600 2.0712196 2.0116559 1.9081760 1.6035552 1.9771536 2.0352977 2.1428656 1.7157245 1.9650184 1.8286835 2.0134204 2.5725784 1.7653205 1.8149882 1.8188054 1.7380031 1.9271543 1.6756324 1.8226352 1.9057642 1.7584323 1.8214859 1.9829060 2.3287481 1.9608079 1.9339031 1.9445325 3.3186973 1.7263542 2.1388331 2.3647470 1.7065161 1.6523396 1.7000424 2.4807223 2.3257266 1.5770501 1.6013109 1.6943237 1.7350005 1.7317425 1.9365121 1.7104774 1.5689445 1.6887738 1.7000429 1.7209154 1.8540729 2.1657743 1.9294596 1.8172772 1.9694612 1.9218027 2.0701402 1.9462889 2.0530373 1.9727035 1.8778554 2.0380523 2.0086373 2.4681095 2.6442929 2.0187532 1.8922697 1.7521333 1.8185145 1.7171344 3.2114385 2.3964069 2.4073419 3.2457314 2.0876430 1.6047054 1.7011159 1.7633185 1.7659856 1.6016894 1.7341557 1.9137250 1.7046248 1.7929287 1.8451835 1.9332863 2.4241410 1.9171234 2.1263290 2.3959899 2.9507186 3.2104663 2.1622451 3.0246918 3.3291657 2.1494369 1.5915900 1.6775805 1.9970150 1.8590389 1.7718289 1.7443679 1.6191832 1.6443923 1.8134080 1.7036609 1.7641030 1.6719663 1.6476361 1.6161955 1.7212099 1.5741750 1.5888174 1.6186833 1.7335806 1.8030342 1.7065286 1.8994866 1.9444986 1.6299949 1.7339610 1.6079940 1.9188209 1.9212093 2.0168762 1.8510823 1.9558731 2.0017026 2.2352711 2.1790044 2.4855471 2.4576166 2.0421684 1.8276688 2.0608578 1.9502912 2.2847638 2.6127565 2.3203201 2.5410119 2.6633734 1.9878630 
Rainerin                                                                                                                                               1.3228506 1.3931626 2.1281882 1.6640588 1.8701322 1.6317201 1.4983279 1.3136526 1.3789863 1.7269377 1.1786393 1.4000396 1.5414779 1.4861570 1.5725108 1.4033204 0.7330240 0.9241854 0.8837879 0.0000000 1.3946495 1.2564840 1.1991746 1.2498840 1.7277168 1.5850379 1.8714858 1.8056416 1.8409843 1.6109370 1.9076983 1.4893391 1.5275999 1.3290383 1.6648538 1.3703360 1.8169946 2.1009765 1.4097047 1.6915007 1.5068432 1.6722905 1.6452477 1.8178699 1.7209929 1.9231991 1.6613443 1.3843107 2.0378760 2.8502245 1.8504366 1.9585980 1.8939670 1.6318660 1.6670955 1.6771719 1.8369124 1.4550475 1.3002004 1.4499467 1.7896911 1.7681616 1.1182775 1.2221600 1.5327612 1.4579268 1.4928135 1.4372274 1.4308408 1.1702765 1.4040256 1.5601299 1.3491000 1.5523878 2.0511919 1.6170743 1.5286194 1.6578343 1.6395445 1.9850904 1.8670124 1.8071138 1.8233342 1.7895122 2.3511220 2.2335756 2.3675426 1.7671224 1.8870026 1.8167417 1.7357460 1.9466478 1.6546111 4.4707359 2.9218215 3.4781024 3.2701852 2.5434951 1.3855989 1.3583678 1.6222812 1.5883971 1.3992978 1.4026575 1.6781431 1.5380899 1.5019696 1.4100715 1.6297562 2.2425782 1.7004043 1.9160577 2.2822146 2.5488072 2.7972064 1.5248594 1.6980504 2.9130370 1.8734064 1.3590573 1.5480247 1.6511076 1.4716270 1.3815008 1.5931242 1.1853375 1.6392928 1.6105614 1.5030756 1.4591158 1.3574820 1.4450296 1.4651774 1.4385975 1.3743661 1.4079686 1.5244867 1.4402637 1.6050953 1.3609154 1.5298170 1.5901577 1.3931398 1.2680575 1.5284355 1.5184460 1.5368641 1.8501586 1.7389041 1.6876016 1.9630770 1.9133326 2.1483508 1.8605261 2.0204116 1.5894368 1.5176486 1.7152326 1.7207407 9.0000000 2.2322034 5.1221724 2.3342869 2.3342869 1.6285905 
Gemicryo                                                                                                                                               1.3939309 1.2626959 1.9479682 2.3826991 2.3141579 1.7755933 1.6276493 1.6542424 1.4852152 1.6946873 1.7390159 1.9834449 1.5633672 1.5996459 1.3356570 1.6990271 1.2941781 1.7336900 1.7076616 1.3946495 0.0000000 0.5062082 0.6965240 1.1076064 1.7642124 1.6918129 1.7797785 1.4579431 1.5743985 1.6792130 2.0252690 1.8766272 1.9967604 1.4750385 1.6482058 1.5398798 1.6091762 2.4960974 1.4097971 1.4773043 1.5610870 1.5295713 1.5768444 1.4351308 1.2898052 1.8113177 1.4989564 1.4926115 1.6439002 1.8127036 1.6803506 1.7355166 1.7310959 3.0745887 1.4116561 1.7842602 2.0079183 1.5899095 1.5129358 1.4883574 2.1545198 2.0876044 0.6903238 0.7166424 1.4448034 1.5336012 1.6000770 1.7069939 1.5498167 1.2756766 1.3824351 1.5967526 1.4355552 1.5452472 1.7618017 1.6871825 1.6793438 1.7984008 1.5415664 1.6808929 1.6729365 1.7162652 1.7909773 1.5466962 1.7201230 1.8040762 2.2608699 2.0601019 2.0155165 1.7382082 1.5346556 1.7060300 1.4674147 3.1138808 2.3727209 2.4173518 2.4861147 2.0229422 1.3693992 1.4235343 1.5019619 1.5039831 1.4286811 1.4547995 1.6555841 1.5580050 1.4794498 1.5214403 1.7653954 2.1291751 1.6779696 1.8893931 1.9934590 2.6578440 2.9192095 1.6099148 2.5866660 2.9042031 1.7095109 1.1761222 1.6001588 1.6415710 1.5988835 1.4397925 1.8402270 1.5677644 1.4491895 1.6979942 1.4323607 1.5924577 1.3887618 1.6144516 1.3010408 1.4175875 1.4146365 1.4514064 1.5431076 1.4870841 1.5542851 1.4024623 1.7981669 1.8677785 1.5157658 1.4139115 1.5384204 1.8081776 1.8430036 1.8943888 1.7744228 1.8664782 1.9027963 1.8712440 1.8806434 2.2389071 2.2837930 1.8471999 1.6544173 1.7554133 1.6370468 2.2281734 2.3549418 2.0968564 2.0536411 2.1122228 1.5410638 
Guilthet                                                                                                                                               1.1882573 1.0881232 1.6709666 2.1561332 2.1712486 1.5287864 1.4916466 1.5084514 1.2676374 1.3508981 1.5817187 1.7585091 1.5120432 1.4058388 1.1828730 1.5464163 1.1454749 1.5618653 1.6054175 1.2564840 0.5062082 0.0000000 0.6190656 0.9795898 1.5291870 1.6317876 1.6231469 1.4467121 1.5402891 1.5556153 1.8048731 1.7074465 1.7827149 1.3715655 1.5350212 1.3286795 1.4549444 2.4202565 1.2435910 1.3224984 1.3749901 1.2940532 1.3463842 1.2144665 1.1648039 1.6395898 1.2470135 1.4249221 1.6432280 1.7026764 1.4912083 1.5326696 1.6090395 2.8132929 1.2739026 1.6597221 1.9578543 1.3799496 1.3222494 1.3480912 1.8741314 1.7532728 0.6800962 0.5598861 1.2748314 1.4412509 1.4198684 1.4526029 1.3039190 1.1331099 1.2999030 1.5084448 1.4366176 1.3089880 1.5917080 1.5141872 1.4794404 1.5711190 1.5236961 1.5880260 1.5472112 1.6562808 1.6041532 1.4024224 1.6199202 1.6856878 2.0523116 1.8887027 1.7789074 1.5596424 1.2787071 1.4057445 1.2559659 2.7965174 2.1912623 2.1415371 2.3213275 1.7133517 1.1656970 1.2981313 1.3531472 1.3647880 1.3259999 1.3210250 1.5665718 1.3783102 1.3837769 1.3450880 1.6456507 2.1162112 1.5619170 1.7916689 1.7870454 2.4943299 2.8895157 1.5043108 2.4927580 2.8813263 1.6762680 0.9782423 1.3800707 1.3116273 1.3405668 1.2375988 1.5549746 1.2751621 1.3543306 1.6053746 1.3579868 1.3747747 1.1988489 1.3728432 1.1818591 1.1860104 1.2496375 1.2519837 1.3917231 1.2223263 1.2524757 1.3397037 1.5645281 1.6636990 1.2986861 1.2427505 1.3617962 1.5548693 1.5715070 1.5868238 1.6880720 1.7041346 1.7013475 1.7557473 1.7442504 2.0079954 2.1222450 1.6735475 1.5129712 1.5609850 1.5582558 2.2561009 2.3411688 2.0660419 1.9832785 2.1167535 1.3819567 
