197
Calltube                                                                                                                                             0.0000000 2.0400421 1.3051393 1.4272195 1.2335853 1.3925472 1.3115861 1.2435032 1.3708223 1.2655146 1.1704225 1.6101269 1.6183685 1.5927606 1.9887895 1.8228681 2.6497004 1.6270855 1.7321052 1.3672078 1.6706287 1.9494763 1.9315877 2.1514264 1.4911702 1.7475793 1.8294751 1.6753697 1.7924968 1.6062001 1.4626710 1.6752983 2.3272907 1.9819670 2.3248849 1.9824157 3.5865182 3.0243133 3.7995592 2.1314215 2.1788353 2.3039085 1.8755247 1.9069031 1.6893205 3.2084610 2.0623101 2.1027604 1.8407792 2.2457174 2.4318519 0.4661056 1.5417291 1.7985681 1.6387441 1.6174569 1.8147401 1.7120254 1.9250740 1.7003654 1.6168763 1.6079870 1.8215792 2.0481782 1.6729896 0.6592044 0.5352103 0.6146660 1.1636280 2.1547338 2.1342216 1.7313647 1.8798961 1.8211403 1.7153750 1.7289033 1.7640478 1.2045277 1.2748591 1.3323866 1.3670234 1.3017630 1.3509225 1.2210463 1.2050261 1.7598773 1.6506977 1.5609445 2.6048215 1.6121647 1.5371053 1.4748626 1.4849258 1.8331527 1.4318630 1.6246042 1.4228226 1.4066586 1.4459149 1.4138233 1.6624078 1.7576411 1.7031781 1.6786581 1.9389654 1.5609070 1.5724499 1.6856980 1.5612675 1.4697464 1.5023566 1.3874859 1.5329180 1.4588332 1.6232348 1.7978789 1.7756579 3.6001799 1.8099253 1.8248842 2.3899126 1.8195677 1.9828171 1.9833327 1.9448356 1.8052262 1.6590802 1.7417876 1.7980261 1.6949766 3.1121432 2.3629737 2.1026515 2.2182437 1.9716615 2.0459044 2.0959633 2.0608765 1.6995885 1.5534504 1.7218133 1.4143022 2.1773729 1.6491315 1.6742165 1.7076242 1.6756296 2.0673594 1.6736107 1.9250026 1.7350116 2.4233578 1.7623270 1.8190082 1.6742793 1.6796934 1.7974074 3.1805275 2.1432871 2.4018906 2.2031109 1.7486900 1.8404319 1.7578876 1.7685319 1.8332825 2.0104659 1.8071543 1.6576232 1.7786574 2.2649450 1.6001190 1.5152484 1.6598857 1.7057254 1.5703632 1.7629113 1.6131012 1.6790092 1.7245436 1.8915176 1.6912671 1.9700822 1.7843052 1.7722226 1.7821530 1.9336959 1.7179622 1.6786185 3.3270140 2.2249616 1.5539226 2.4770066 2.7528114 2.6749776 2.1038326 3.7771692 
Protlace                                                                                                                                             2.0400421 0.0000000 1.8268288 1.6494457 1.9533124 2.2764699 1.8870570 2.1273354 1.3856402 1.8872504 1.8952676 1.9048569 1.9400410 1.8856217 2.5935804 2.2308305 3.0088097 2.0587605 2.0266981 2.2610262 2.2991159 2.2362866 2.4875076 2.6344979 1.9891649 1.3926544 1.9809999 1.8083837 1.7844875 2.1188714 1.5550876 2.1200873 2.5801821 2.5571612 2.7024475 2.5411099 3.5301266 2.7900553 3.6129758 2.5421843 2.5050047 2.4777345 2.1688454 1.9661792 2.0046896 3.7477342 1.7706844 2.5650887 2.4696515 3.6367362 3.4305571 2.3359327 1.9770958 2.3125134 2.4409208 2.5074704 2.3862525 1.9367551 2.2634068 2.1808156 2.0925995 2.2005237 1.9957167 2.3228922 2.0675676 2.3931757 2.2910847 2.4263630 2.5320451 3.0647504 3.0057896 2.2931353 2.1391293 1.9742558 2.1116536 2.2751091 2.1924725 1.8920807 1.8823502 1.8396648 1.9814166 1.8875761 2.0784248 1.8586828 2.1238149 2.1006219 1.8766642 1.9402883 2.5060124 1.8518478 1.8600518 1.8505008 1.8707132 2.0604059 1.8196657 2.0306100 1.6136156 1.7730851 1.8525299 1.9646714 1.6882289 1.6699099 1.6980170 1.8384925 1.9063113 1.5826278 1.6281668 1.6192910 1.5980683 1.6034460 1.8376717 1.8087281 1.8269702 1.9115338 1.5572231 1.7845171 1.8657345 2.2761874 1.7554820 1.7618765 1.6446209 1.7769581 1.5759465 2.2291402 1.8695727 2.0652085 2.0041417 2.0392327 2.0693036 2.0398501 3.4810235 2.7579496 2.6815397 2.6815047 2.3436485 2.4001692 2.5499500 2.3546001 2.1268871 2.0052868 2.1871672 1.3236262 2.2979787 2.2427104 1.6236724 2.1683670 2.1585703 2.4668619 2.0785379 2.0093355 2.1764892 2.5375881 2.3017537 2.2352237 2.0521306 2.3403504 2.4383850 3.8962885 2.7066991 2.8606095 2.7817017 1.7813772 1.9092572 2.0694287 2.0043070 2.4723651 2.2056665 2.1180684 2.0756146 2.0060267 2.3609325 2.0243130 2.3465636 2.2514912 1.8090893 1.9547421 2.1575128 2.0441128 2.1622432 2.1859276 2.4366080 2.2002869 2.0028450 2.0465977 1.9916801 2.1246463 2.2377243 2.3435038 2.3839376 4.5818208 2.6920024 1.5153374 2.3036887 2.4919364 2.7900830 2.1207722 2.8255465 
Pyrapark                                                                                                                                             1.3051393 1.8268288 0.0000000 0.4547237 0.5750667 0.5801589 0.4947361 0.6677321 0.2523887 0.4450694 0.3279253 1.1743814 1.2065195 1.1953163 1.8792460 1.4929573 2.2739819 1.5771589 1.4001771 1.8394213 1.6640636 1.6981579 1.8903741 2.2340206 1.4219627 0.9904480 1.4392361 1.5946660 1.5629417 1.6855395 0.7082875 1.2815376 2.0314515 2.0306220 2.2373540 1.9710192 3.1334672 2.9021182 3.4293968 2.3077596 2.0431660 1.9533093 1.8473273 1.5281729 1.3079833 3.3757404 1.3476406 1.9299502 1.9484291 2.9880542 3.4798652 1.9090397 1.3942963 1.8936362 1.7414397 1.9845132 1.9998779 1.2979420 1.7215501 1.6567127 1.5876267 1.5284259 1.4674862 1.5859269 1.4139754 1.8947452 1.9516426 1.9253182 2.1634391 2.3907341 2.3240785 1.6486453 1.7339979 1.5813890 1.3180490 1.6854123 1.5267839 0.7404883 0.7972470 0.6114606 0.5611489 0.7674300 0.6731193 0.3971191 0.6676782 1.4673675 1.1623543 1.3329938 1.4961272 0.9220455 1.1705217 1.0422111 1.0368408 1.1024261 1.0213625 1.2602980 1.2067172 1.3667309 1.5058144 1.4141743 1.4305314 1.4672514 1.4529722 1.4710523 1.7955279 1.2518061 1.2203253 1.2883564 1.3533655 1.3190515 1.4815605 1.0770776 1.4274051 1.4386629 1.3956414 1.6810779 1.4374930 1.9469483 1.6038000 1.5408456 1.7716551 1.5059994 1.3710613 2.0909582 1.5180826 1.5692230 1.6802798 1.3962752 1.7206342 1.2780435 3.7422837 2.4663157 2.4806403 2.2168204 1.8617753 2.0516194 2.1446928 1.9852328 1.6483063 1.3051600 1.5605068 0.6849616 1.4923876 1.4184005 0.9354301 1.2813288 1.4922834 1.6133049 1.4032296 1.3721596 1.5086649 2.3247874 1.7426622 1.4933161 1.5664396 1.9732470 1.7888259 3.4046287 2.1330878 2.2461550 2.2507468 1.0196001 1.5192500 1.4593119 1.3405663 1.4756442 1.4904553 1.5174711 1.2497940 1.2268709 1.8721581 1.4481483 1.5088154 1.6019943 0.9551785 1.5129160 1.6290802 1.5185031 1.5789711 1.4860613 1.6919948 1.6521814 1.7987408 1.6767148 1.5254279 1.5327035 1.7257272 1.7511784 1.8692030 4.2788647 1.0054257 1.2865273 1.9856895 2.2836759 2.1564044 1.8791454 3.0078686 
Prassing                                                                                                                                             1.4272195 1.6494457 0.4547237 0.0000000 0.5091328 0.6586831 0.5397556 0.5848689 0.4122195 0.5218316 0.4059695 0.9254216 0.9826742 0.9577983 1.9607018 1.6943951 1.8299744 1.2354772 1.2030653 1.4334142 1.2467615 1.5534436 1.6472529 1.7866751 1.1759403 1.0821726 1.0611941 1.1000842 1.1322605 1.2134390 0.9154622 1.1298925 1.6831765 1.4629047 1.6896184 1.5304882 3.3884341 2.5103623 3.5071397 1.7357296 1.7275092 1.8112909 1.6237947 1.7366125 1.2838794 2.6275107 1.4789193 1.6500857 1.6765992 2.5024913 3.1347719 1.6316921 1.0679471 1.4568108 1.3176521 1.5239466 1.4398030 1.2307678 1.3056055 1.1953155 1.3019612 1.2766289 1.2532221 1.2131656 1.1530157 1.6521829 1.6130452 1.5825488 1.8338817 2.0876529 2.1359811 1.1522501 1.1997806 1.1305477 1.1683629 1.1957585 1.1661983 0.6721900 0.7142135 0.5433639 0.5655971 0.6757061 0.7189852 0.4550787 0.5839179 0.9646419 1.0748388 0.9872286 1.5528608 1.0228356 0.9185384 0.9098618 0.9007772 0.9426941 0.8602869 1.0083996 1.0510362 1.0713292 1.0947610 1.0597205 1.2095707 1.1271748 1.0947095 1.0998082 1.2351592 1.0276147 0.9873828 1.0041784 1.0493303 1.0264223 1.0586712 1.0618696 1.0441505 1.0443154 1.0735679 1.3701483 1.1872282 1.7645698 1.1895506 1.1810536 1.3959802 1.1455460 1.1753104 1.6843157 1.0866280 1.1617775 1.1336382 1.2222173 1.3246391 1.4283757 2.8865195 1.7872508 1.8083414 1.7992853 1.5518927 1.5585679 1.5946328 1.6994487 1.2890368 1.5996646 1.2364301 0.7337441 1.2358654 1.1821777 1.0015933 1.0635491 1.1871572 1.2841207 1.1732333 1.2501579 1.1742132 1.8163777 1.3342661 1.3226180 1.2000906 1.5797334 1.4419578 3.1298379 1.6992768 1.9375233 1.7118911 1.1732341 1.2657094 1.1381309 1.0859466 1.2784176 1.2057291 1.3033370 1.0929298 1.0468885 1.5963012 1.1915749 1.2845029 1.4236821 1.0989689 1.0746778 1.0669139 1.0359091 1.1172739 1.1039353 1.3937332 1.3218337 1.3611985 1.3234016 1.1919633 1.3244747 1.3014061 1.2996189 1.4186869 3.9624394 1.1927319 1.1077376 1.9622341 2.2565345 2.0717525 1.9227435 2.3845788 
Arabthal                                                                                                                                             1.2335853 1.9533124 0.5750667 0.5091328 0.0000000 0.8224380 0.6275068 0.7483698 0.3179174 0.6556532 0.5437207 1.2394878 1.2479532 1.2000311 1.9642716 1.5034494 2.4437394 1.5730275 1.5632764 1.8598050 1.7088603 1.8596303 2.1441090 2.3234972 1.4862268 1.0407917 1.4252790 1.5462426 1.5997403 1.7671142 0.7775334 1.4521730 2.0361969 2.0666536 2.3005517 2.0347050 3.1160953 2.9000864 3.4627948 2.1943820 2.2445938 2.0579397 1.9170134 1.7551770 1.4264909 3.4864811 1.3541925 2.0736595 2.0183563 3.2654598 3.5522699 1.9598527 1.4577445 1.9015562 1.7675661 2.0741171 2.0852235 1.3537425 1.7488529 1.6502705 1.7132979 1.5317955 1.5267749 1.6683779 1.3623171 1.9386151 1.9364283 1.8733708 2.2737568 2.4653571 2.6037663 1.6165300 1.7435787 1.6706093 1.2566375 1.6432740 1.6552786 0.8698676 0.8893616 0.4480837 0.2743462 0.9076472 0.8340218 0.6282397 0.7614860 1.4227105 1.0932406 1.2409288 1.6438101 1.0602304 1.2042801 1.2010571 1.1578415 1.3284027 1.1293021 1.3193603 1.2632134 1.4393424 1.5743537 1.5744063 1.4732925 1.5574365 1.5595255 1.5963678 1.8116440 1.3229465 1.3533112 1.3902361 1.4225385 1.3488623 1.5404936 1.1256702 1.5382189 1.5504909 1.4941370 1.8052635 1.6107389 2.2046381 1.7173389 1.6153689 1.8284216 1.5346228 1.4813421 1.9864157 1.6741587 1.7513051 1.7736417 1.5692806 1.7858473 1.2776333 3.9353080 2.6191192 2.4421091 2.0920682 2.0272096 2.0327758 2.1389931 2.0255945 1.4270819 1.4412918 1.6897263 0.6157019 1.5147432 1.4486146 0.9284543 1.4025682 1.4903379 1.5224902 1.3986623 1.2803194 1.4802417 2.3306123 1.7548940 1.5280828 1.6183177 2.0376337 1.8494978 3.4841801 2.1386090 2.2311713 2.0163722 1.1493531 1.5610820 1.5192028 1.4436967 1.6030178 1.6334070 1.5824891 1.3961078 1.2516018 1.8473200 1.4752327 1.5485773 1.6038260 0.9228317 1.5846183 1.5621927 1.5801873 1.5159976 1.5497891 1.7281356 1.8186364 1.8130267 1.7836180 1.5772058 1.6213043 1.8678956 1.8446917 1.8427198 4.2485975 0.8273686 1.4150851 1.8985729 2.3130303 2.1754828 1.8348631 2.9386332 
Nephpyri                                                                                                                                             1.3925472 2.2764699 0.5801589 0.6586831 0.8224380 0.0000000 0.6089332 0.8332410 0.2762376 0.6535474 0.5664124 1.5986279 1.6429847 1.5675023 2.0135526 2.1521714 2.6840488 2.0565615 1.9067159 2.4667960 2.0480102 2.2591538 2.5238211 2.5320627 1.6861659 1.2188023 1.8379519 2.2399146 2.0606772 2.2838908 0.9087729 1.3253683 2.1877635 2.5736351 2.7529198 1.9688560 3.4613075 3.4212841 3.7823262 2.6827324 2.5116790 2.4369941 2.2713612 1.8168294 1.7296589 4.3827435 1.1317904 2.4087138 2.5732544 3.5994250 3.5537776 2.4457033 1.9662625 2.3382133 2.0821849 2.3287608 2.7371819 1.5649117 2.2807984 2.1225615 2.0350298 2.0897075 1.9275093 2.0738319 2.0242649 2.3190893 2.4054663 2.1981029 2.4838105 3.0308710 2.9849001 1.8636107 2.1214697 1.9849308 1.6713630 2.4755912 2.2852020 1.1212928 1.1369318 0.8388603 0.7731276 1.0583283 0.9149694 0.5979933 0.8338855 1.9465965 1.5013452 1.7308891 1.6888438 1.1123688 1.5022860 1.3061458 1.3608435 1.3468173 1.2723597 1.5375584 1.7015576 1.6483308 1.9167725 1.7320760 1.8406835 2.1373551 2.0854781 2.1492539 2.3261445 1.8645756 1.9317100 2.0247830 2.0432700 1.9886826 2.1076771 1.6636301 2.1810478 2.1850151 2.0572829 2.0669482 2.0797197 2.0688746 2.1163481 2.1084975 2.0536856 1.7965727 1.7302241 2.4252917 1.9166418 2.2779858 2.2716919 1.8649217 2.2291394 1.7399242 4.6676398 2.9835391 3.1084278 2.6114151 2.4794600 2.5679126 2.6512912 2.5749477 2.1572398 1.5731437 1.8814746 9.0000000 1.8276142 1.9071994 1.1481625 1.6870558 1.9793747 1.7213853 1.6783147 3.1704621 1.7897789 3.2337895 2.4861029 2.1149507 2.1738525 2.5294690 2.4137676 3.7010972 2.5988871 2.4727092 2.6048776 1.4613658 1.9468835 2.1279267 1.8825531 2.0927196 2.1266083 1.9241417 1.7336798 1.3982205 2.5792095 1.8570134 1.6474739 1.8524850 0.8124459 1.8338067 1.9412106 1.9967792 1.8013163 1.7366960 2.0812981 2.1373314 2.4492228 2.1166594 1.9371660 1.8335080 2.1259461 2.3406676 2.3929856 4.5367822 0.8894645 1.7672166 9.0000000 2.5470647 2.3132438 1.7882562 3.0913698 
Tetrasti                                                                                                                                             1.3115861 1.8870570 0.4947361 0.5397556 0.6275068 0.6089332 0.0000000 0.5643070 0.2287297 0.5566721 0.4653971 1.1930270 1.1634774 1.1673997 1.9834491 1.4567887 2.4077523 1.6426153 1.4435548 1.8457914 1.6218712 1.7122883 2.0570445 2.1279666 1.4222948 0.9207915 1.3652475 1.4873822 1.5065049 1.6532118 0.8288655 1.3650633 1.9656923 2.0164663 2.3032487 1.9395527 3.2048463 2.9900440 3.5995511 2.5322513 2.2126613 1.9949553 1.9888835 1.6240384 1.3897577 3.2790851 1.3437365 1.9508984 1.9668112 3.0903557 3.1157838 1.9516831 1.3602227 1.8291836 1.7513235 2.0677135 2.0192863 1.3564608 1.7384279 1.6284272 1.6664886 1.4973433 1.4298126 1.5607401 1.4182419 1.8748960 1.9627480 1.8742362 2.1635205 2.4676392 2.3985536 1.6147266 1.6538937 1.6373200 1.3494253 1.6984324 1.5099225 0.7903635 0.8414875 0.6326362 0.6417605 0.7242231 0.7614379 0.5169704 0.5710193 1.4753514 1.1522720 1.2348228 1.4754548 1.0268753 1.2096648 1.1528679 1.1353741 1.1696697 1.0898773 1.2274231 1.2712574 1.3885885 1.5018226 1.4047615 1.4720263 1.5631447 1.6128731 1.4781404 1.6833927 1.2970904 1.2671394 1.3612663 1.3655804 1.2699943 1.4569182 1.1106083 1.5508028 1.5128464 1.3847168 1.6468849 1.4484395 1.8770486 1.5820661 1.5330267 1.8127041 1.4670520 1.4263349 1.8889992 1.5040505 1.6669900 1.5694548 1.4280917 1.8005362 1.2464935 3.5057530 2.5276161 2.3407091 2.1569221 1.9503695 2.2575523 2.2504958 2.0737604 1.6007086 1.3412188 1.4793687 0.7427644 1.5008520 1.4675081 1.0252126 1.3995355 1.4816155 1.5777582 1.4160543 1.2765592 1.4080227 2.3445047 1.6338534 1.5511726 1.6081166 2.0176884 1.7956435 3.3136644 2.1711196 2.2456935 2.1422544 1.1521950 1.5190577 1.4586965 1.3956160 1.5822190 1.5828267 1.4445925 1.3312375 1.1628003 1.7043100 1.4725632 1.4221133 1.6731275 0.9960812 1.5292101 1.5737323 1.5416695 1.4921943 1.4790549 1.6830305 1.7219836 1.7528684 1.6818398 1.5943654 1.5753808 1.8355008 1.7462315 1.8725620 4.1112243 1.0731935 1.2973776 1.8429431 2.2499576 2.0773033 1.8286741 2.9545469 
Chlarein                                                                                                                                             1.2435032 2.1273354 0.6677321 0.5848689 0.7483698 0.8332410 0.5643070 0.0000000 0.1264674 0.6784878 0.5766577 1.3524264 1.2992768 1.2414621 2.1273396 1.6822683 2.4744523 1.7341661 1.5754701 1.9846006 1.7477958 1.8656066 2.1357597 2.2917232 1.5307993 1.0988102 1.4661207 1.8240725 1.6723444 1.8511877 0.8031424 1.5871531 2.0257835 2.1329996 2.4630362 2.2202200 3.3628992 3.0359694 3.8062397 2.2126756 2.2188137 2.1846493 1.8599323 1.7473532 1.5381187 3.8083596 1.4147183 2.1866282 2.2145055 3.1245309 3.2532345 2.0054196 1.6174957 1.8991589 1.8769068 2.0902040 1.9963412 1.4099511 1.8657078 1.7190769 1.6970297 1.5301917 1.6047089 1.7680374 1.4461817 2.0947837 2.2420880 2.0558014 2.2727098 2.6061816 2.4694455 1.7657500 1.8121723 1.7879699 1.4718225 1.8049451 1.6835714 0.9745750 1.0220355 0.7695664 0.7514357 0.9703760 0.8970158 0.6735047 0.1101752 1.4781686 1.2238758 1.3476505 1.6193251 1.0528747 1.3617212 1.2595419 1.3020695 1.3993135 1.2557764 1.3494281 1.3629072 1.6375161 1.5985442 1.5989098 1.6509811 1.7662286 1.7245521 1.7869678 2.0408223 1.4950133 1.4377930 1.5403593 1.5574957 1.5500131 1.6127707 1.2791931 1.6378515 1.6132758 1.6000574 1.9064879 1.6784430 2.3036647 1.8131584 1.7807771 2.1027458 1.6803592 1.6851933 2.0786423 1.6816977 1.7839643 1.8143413 1.6020447 1.9665198 1.3884757 3.7267482 2.5385615 2.5138107 2.3610380 2.0815892 2.2189277 2.2921952 2.1276123 1.6419792 1.4521595 1.6681346 0.7921208 1.8470164 1.6094338 1.0752428 1.5733165 1.5856042 1.7998890 1.6001052 1.4495406 1.7514733 2.6380438 1.9236558 1.5831841 1.6587666 2.0656741 1.7804189 3.3490177 2.2448119 2.3662672 2.2393312 1.0979558 1.6731157 1.6253925 1.4831454 1.8188407 1.7502259 1.6326188 1.4345840 1.3242499 1.9580045 1.6446027 1.6806860 1.8407058 1.0943408 1.6207612 1.7463972 1.7160321 1.7474657 1.7236501 1.8296610 1.9191168 1.8079768 1.8093981 1.6913157 1.6461683 1.9479478 1.9575073 1.9733291 4.5994752 1.0220704 1.4154568 2.0349178 2.5599889 2.3379876 1.8600631 3.3557504 
Dunasali                                                                                                                                             1.3708223 1.3856402 0.2523887 0.4122195 0.3179174 0.2762376 0.2287297 0.1264674 0.0000000 0.2765716 0.2264680 0.7863749 0.7498350 0.6815551 2.0318426 1.1658811 1.7573700 0.9730036 0.9661195 1.0925326 0.9516518 1.3170370 1.3352840 1.7153411 0.8937843 0.9058497 0.9420545 0.9963121 0.9601382 1.0026290 0.6499730 0.9724477 1.7834955 1.3262287 1.7868500 1.6018186 2.2338095 2.0533956 3.0695722 1.4988302 1.5649669 1.4696566 1.2662666 1.4056360 0.8921630 2.4107909 1.5078292 1.4622887 1.4554849 2.4163286 3.2049062 1.3556118 0.8434379 1.3149627 1.3259397 1.7383932 1.1324575 1.0217481 1.2060732 1.0739390 1.1696986 0.9715159 1.1184563 1.0105181 0.9001975 1.4815234 1.4132324 1.3241002 1.7008606 1.7145335 1.9044417 1.1666984 1.1510442 1.1768551 0.7476257 0.8781265 0.9145990 0.4674084 0.4776073 0.3595174 0.3324942 0.5485722 0.4915641 0.3151210 0.1420506 0.7775860 0.7865734 0.7813390 1.4099761 0.7938734 0.7334276 0.6558233 0.6843898 0.7672419 0.6403221 0.7095350 0.7392457 0.9843455 0.9703951 0.8580271 1.0325157 0.9593024 0.9494483 0.9621793 1.1285857 0.8205677 0.7725185 0.7991111 0.8371126 0.8459536 0.9026571 0.9061910 0.8504305 0.8752529 0.7876975 1.2851077 0.8936205 9.0000000 1.0135976 0.9474867 1.4372242 0.9731070 0.9892878 1.3953072 0.9979587 1.0222968 0.9375844 0.9784654 1.2356794 1.0688188 2.4410578 1.7413104 1.6270943 1.7362415 1.3114414 1.3321066 1.4614313 1.4990348 1.0456573 1.2384812 1.0649727 0.7683216 1.0593140 0.9270112 0.8955918 0.8870951 0.9275147 0.9955594 0.8627144 1.1499601 1.0220377 1.5082244 1.0544479 0.8917383 1.0072907 1.2579624 0.9779435 2.5163805 1.6116032 1.6523925 1.4658364 0.9773209 1.0095051 0.8317929 0.8712142 0.9754624 0.9968331 0.9468473 0.8283367 0.8390493 1.2096465 0.9235433 0.9199655 1.2302052 1.0630570 0.9800578 1.0821099 0.9854091 1.1607954 1.1611596 1.1853187 1.1862403 1.1696940 1.1201121 1.1253945 1.1471774 1.2291452 1.3057626 1.3399403 4.1921569 1.0324905 0.8888017 1.9781513 2.1833999 1.9315089 1.8457414 4.7579629 
Prascaps                                                                                                                                             1.2655146 1.8872504 0.4450694 0.5218316 0.6556532 0.6535474 0.5566721 0.6784878 0.2765716 0.0000000 0.4181816 1.1690220 1.2099683 1.1030936 1.9059524 1.4587530 2.3518096 1.6010325 1.4274714 1.8849613 1.7046558 1.7897289 2.0118501 2.2434280 1.4781683 0.9784517 1.4474353 1.6606279 1.4618270 1.7741405 0.7497360 1.3579855 2.0282978 2.0634860 2.4350910 2.0765098 3.3879156 2.6565350 3.6322309 2.1749313 2.1496537 1.9910202 1.8477623 1.5995909 1.4141885 3.4234147 1.3975622 2.2106375 2.0647846 3.0519206 3.6595082 1.8422085 1.4352792 1.8590680 1.7881174 2.0042051 2.0545277 1.2790221 1.8669114 1.7239747 1.5618062 1.5752307 1.5167948 1.7106898 1.5102522 1.8573883 2.0063217 1.8606015 2.1842701 2.4225766 2.5463310 1.6558067 1.7091634 1.6226615 1.3257407 1.7286257 1.5476088 0.8495715 0.8182599 0.6109561 0.5879094 0.7601168 0.7029808 0.4766086 0.7028993 1.4337591 1.0618512 1.2464832 1.4665613 0.9585192 1.1681596 1.0934299 1.0632838 1.1616204 1.0702163 1.1767394 1.2467439 1.4053262 1.4442671 1.4008726 1.5762923 1.5702297 1.5750992 1.5731017 1.7854330 1.2764465 1.3016333 1.3576857 1.4026235 1.3279122 1.4591003 1.1217977 1.5129320 1.4880963 1.3832058 1.6482025 1.4693343 1.9804640 1.5380503 1.4784769 1.8167142 1.5082388 1.4613918 2.1059704 1.5942673 1.6912418 1.7350037 1.4496658 1.7468842 1.3769799 3.7658049 2.5764738 2.4889396 2.2619740 1.8939848 2.0562193 2.0944503 2.0264516 1.6948106 1.5106521 1.6060734 0.6638240 1.5792698 1.5101950 0.9281073 1.3703464 1.5437245 1.6463177 1.4295962 1.3853269 1.5182328 2.4584213 1.7700805 1.5491217 1.5825757 1.9543941 1.7486444 3.3038145 2.1496999 2.3246369 2.2271482 1.0514325 1.5174882 1.5287258 1.4107261 1.6279098 1.6754641 1.5344273 1.3284168 1.2601235 1.9294434 1.4733351 1.4702231 1.6454031 1.0106631 1.5662654 1.5596493 1.5707034 1.5854569 1.4907085 1.7629288 1.7488056 1.7090247 1.7096075 1.6032006 1.5787163 1.8025849 1.7813077 1.9019929 4.1651509 0.9787447 1.2383091 2.0266568 2.2910190 2.2372691 1.9042439 2.9846910 
Mesoviri                                                                                                                                             1.1704225 1.8952676 0.3279253 0.4059695 0.5437207 0.5664124 0.4653971 0.5766577 0.2264680 0.4181816 0.0000000 1.1206383 1.1189065 1.1230325 1.9223427 1.4728486 2.2943944 1.5143376 1.4615169 1.8500471 1.6699614 1.7677582 1.9558455 2.2580562 1.3152262 0.9911249 1.4186724 1.5382783 1.5201228 1.7036764 0.7360270 1.3328776 1.8731462 2.0135199 2.2581779 1.9416612 3.0184169 2.8295857 3.3070337 2.0807377 2.1833872 1.9788940 1.8834190 1.6325288 1.3516740 3.4933311 1.3686228 1.8529107 1.9566380 3.0665702 3.2223873 1.8247830 1.4115801 1.7674685 1.7139143 1.9341113 1.8589649 1.2526213 1.7101207 1.6359628 1.5382474 1.4799147 1.4594096 1.6054548 1.3415786 1.9453540 1.9856136 1.8040716 2.0597216 2.4459840 2.4031906 1.5461059 1.6552375 1.5314888 1.2114103 1.6414243 1.4510584 0.7172296 0.7459355 0.5328369 0.5254394 0.7374860 0.6830731 0.4060393 0.5943849 1.3483977 1.1011390 1.2035907 1.4864447 0.9389049 1.1366420 1.0425332 1.0676588 1.1420641 1.0163513 1.1747672 1.2455496 1.3626333 1.4005575 1.3291564 1.4350244 1.4652594 1.4767209 1.4999138 1.7517080 1.2619734 1.2266364 1.2986018 1.3148454 1.2855940 1.4654347 1.0609409 1.4369415 1.4026996 1.4270885 1.6735465 1.5027417 2.0169020 1.6515685 1.5730189 1.7803324 1.5428278 1.4501293 1.9638998 1.4160224 1.6578460 1.6773730 1.4509681 1.7266235 1.3056801 3.7494503 2.5104714 2.3498684 2.2461213 1.8678102 1.9411435 2.0432614 1.9871954 1.5345323 1.4895729 1.6047583 0.6451702 1.4844671 1.3930556 0.8815460 1.3356692 1.4874200 1.5817784 1.4045087 1.4609706 1.4490982 2.3246926 1.6438436 1.4036147 1.5294582 1.8689680 1.7178897 3.1872504 1.9741621 2.1815361 2.0909155 1.0127420 1.4254574 1.4148754 1.3403841 1.6174399 1.4939135 1.5116348 1.2742175 1.2416168 1.8911315 1.3974274 1.4882282 1.5626749 0.8888570 1.4494565 1.4956043 1.4780659 1.4618323 1.4265342 1.6084922 1.7072764 1.7089243 1.6019789 1.5047496 1.5399737 1.6688252 1.7574394 1.8328343 4.1280237 0.9048481 1.2931113 2.0139714 2.3449144 2.1810882 1.8117363 3.1034232 
Guilthet                                                                                                                                             1.6101269 1.9048569 1.1743814 0.9254216 1.2394878 1.5986279 1.1930270 1.3524264 0.7863749 1.1690220 1.1206383 0.0000000 0.3598252 0.4082864 1.9906340 1.5880840 2.5631486 1.7084646 1.6901955 1.8482043 1.6443679 1.9319519 2.1415810 2.5409276 1.3283762 1.2152006 1.6184481 1.8253579 1.6856869 2.0544794 0.8515835 1.5490420 2.0194503 2.0533513 2.2657524 2.1951097 3.7114219 2.9923773 3.7449557 2.2387831 2.2620959 2.2420299 2.0218953 1.7236007 1.6176753 3.4523360 1.5153599 2.2421728 2.3772128 3.4811523 3.7307770 2.1420171 1.6772271 1.9160750 1.8695733 2.0820733 2.0924746 1.4544402 1.9050139 1.6040058 1.7698258 1.6310727 1.6983923 1.7627441 1.5651187 2.2067240 2.3433033 1.9752011 2.3077002 2.4277508 2.9230054 1.7883846 1.9082035 1.8084869 1.4830883 1.8386908 1.7552787 1.1543457 1.1725659 1.1693180 1.1874657 1.3628259 1.4425019 1.1226099 1.3785563 1.2769125 0.3975389 0.5007176 1.7003254 1.1250181 1.2110282 1.3306235 1.2035887 1.2304685 1.2058055 1.4099442 1.5030909 1.5795700 1.5895426 1.5244527 1.6072898 1.8026609 1.7976620 1.7714322 1.9601528 1.6048866 1.5245302 1.6358567 1.5869989 1.6468040 1.7273904 1.3541724 1.7878815 1.7677904 1.5929584 1.9551912 1.7367690 2.2451022 1.7801370 1.8233533 2.0483794 1.7624950 1.6612316 2.1789873 1.7055855 2.0924653 2.0062071 1.6887794 1.9876822 1.3645845 3.6467615 2.5738156 2.5855264 2.2734691 2.0518129 2.1945167 2.1876576 2.1685857 1.6861309 1.3801285 1.7108650 0.8241332 1.5784646 1.6867760 0.9098197 1.6775141 1.7127399 1.8372249 1.6279430 1.3976280 1.7166084 2.5942646 1.8061801 1.7211860 1.6581621 2.1665801 1.8374392 3.4398961 2.1208242 2.6568701 2.3512397 1.2281169 1.8090560 1.7608247 1.4307651 1.7977413 1.7876623 1.6861670 1.5591042 1.3165172 1.9783009 1.6242132 1.7105076 2.0059155 1.0779271 1.8463042 1.8088661 1.6471386 1.6973312 1.6694269 1.7893683 1.8915476 1.7545866 1.9571866 1.6390321 1.6482369 1.8989028 1.7705640 1.9197428 4.6659900 1.6647684 1.4727968 2.0350634 2.4007666 2.2233714 1.8663647 3.2125202 
Gemicryo                                                                                                                                             1.6183685 1.9400410 1.2065195 0.9826742 1.2479532 1.6429847 1.1634774 1.2992768 0.7498350 1.2099683 1.1189065 0.3598252 0.0000000 0.4190476 2.3352020 1.6216336 2.6392330 1.7872661 1.6745803 1.8330558 1.7372996 2.0065983 2.3200391 2.5387997 1.4007140 1.1571145 1.6380074 1.7379843 1.7068536 1.9769694 0.9319741 1.5364175 2.0185120 2.0642325 2.3009665 2.2977707 3.7830493 3.0113602 3.7927792 2.2518118 2.2965857 2.3406882 2.0175096 1.6765155 1.7210189 3.5454140 1.4769542 2.1743261 2.2922054 3.3545909 3.5873985 2.1055838 1.6481839 1.8952175 1.9289805 1.9435261 2.0011715 1.4684475 1.8302193 1.5760184 1.8209296 1.6340967 1.5370472 1.6808573 1.4885852 2.2081228 2.2727505 2.0667047 2.0812538 2.4991988 2.8165129 1.7076361 1.7791066 1.7875191 1.5449343 1.8405627 1.7330590 1.2093762 1.2153027 1.1451540 1.1535160 1.2766382 1.4111045 1.1531031 1.3594449 1.2300018 0.3479956 0.3941418 1.8287148 1.1430528 1.2708140 1.3469639 1.3145780 1.2968214 1.2895666 1.4140404 1.4575502 1.5313573 1.5217389 1.4483813 1.5340287 1.6878954 1.6823687 1.7023156 1.8309537 1.6435654 1.4898325 1.6014635 1.6341090 1.6216660 1.8249522 1.4276630 1.7639750 1.7739050 1.6515750 1.9800891 1.8501224 2.5405385 1.7865374 1.8600294 2.1233809 1.8445806 1.6219610 2.1814427 1.7045166 1.9604648 1.8416022 1.7050909 1.9623142 1.5620780 3.7827099 2.5457492 2.4414448 2.3527890 2.1686904 2.2839531 2.2646867 2.2197421 1.6182800 1.3558779 1.5938976 0.7000507 1.7324028 1.5886205 0.9388496 1.6115869 1.7428783 1.7511146 1.6166398 1.5012857 1.6196235 2.5142617 1.5748536 1.6467832 1.5679934 2.0959777 1.7590857 3.5294597 2.1637572 2.5116627 2.2919636 1.3038992 1.7625971 1.6501972 1.4765870 1.8158497 1.6846490 1.6655080 1.4918364 1.3117821 1.9199076 1.7555944 1.6744435 1.9068407 1.0885941 1.8489386 1.7639909 1.6358130 1.6460039 1.6795391 1.8374368 1.7284045 1.7287935 1.8201120 1.6831604 1.6146262 1.7538671 1.6637122 1.8746705 4.5878561 1.7291718 1.4924449 1.9074886 2.3844189 2.2384520 1.7029721 3.3111145 
Hemirufe                                                                                                                                             1.5927606 1.8856217 1.1953163 0.9577983 1.2000311 1.5675023 1.1673997 1.2414621 0.6815551 1.1030936 1.1230325 0.4082864 0.4190476 0.0000000 2.2046793 1.6805738 2.6717125 1.5868958 1.6506384 1.8851910 1.5779271 1.9566847 2.1548838 2.4658033 1.3782905 1.1869948 1.5273455 1.7474261 1.5947109 1.9810111 0.8732381 1.5079182 2.0628035 2.0476028 2.2897874 2.2003608 3.5561481 3.0574378 3.7300426 2.4566088 2.3455717 2.2520645 1.9821716 1.7685397 1.7249790 3.5247910 1.3937792 2.2883612 2.3109532 3.3120046 3.6318898 2.1293797 1.6554816 1.8995863 1.8642597 2.1680775 2.1440730 1.5729604 1.9479643 1.6175422 1.8747401 1.6497594 1.6257645 1.7332727 1.4517974 2.1098610 2.2602498 1.9584599 2.2808672 2.4855010 2.8743288 1.7622274 1.8436335 1.8282909 1.4880953 1.8519321 1.7437682 1.0824836 1.1134610 1.1749919 1.1463466 1.3213296 1.3085045 1.1595402 1.2534476 1.2285386 0.3755514 0.4515557 1.7654797 1.1205311 1.2245978 1.2876639 1.1972323 1.2896659 1.2378028 1.2379309 1.4374410 1.5110983 1.4965835 1.4948466 1.6073620 1.7344879 1.7089442 1.6934121 1.9121883 1.4130699 1.3761335 1.4459135 1.5448246 1.5528152 1.7041129 1.3797999 1.6914712 1.7506767 1.5390772 1.8804043 1.6532573 2.3381129 1.6612284 1.6825532 1.9236648 1.7950158 1.5712268 2.1225260 1.6510499 1.9549920 1.8698960 1.6959056 1.9344468 1.4540765 3.6290916 2.4704243 2.5640903 2.2656670 2.0911174 2.2861731 2.3152812 2.2878153 1.6665950 1.4725645 1.5125312 0.7046182 1.6579866 1.6461892 0.9628261 1.6250790 1.7522293 1.8981266 1.5350787 1.3604034 1.6784333 2.4778164 1.7133185 1.6782705 1.5468375 2.1405781 1.7986398 3.5390458 2.1890791 2.5103451 2.2291812 1.2356167 1.7910540 1.6576832 1.4741457 1.7777023 1.8227950 1.6346674 1.5445172 1.3369740 1.8213858 1.7165926 1.5882609 1.9666815 1.0836573 1.8905374 1.7720072 1.6061765 1.6829291 1.6926992 1.7472338 1.9244194 1.8697423 1.9666625 1.7445487 1.6475902 1.8850851 1.7522558 1.8639078 4.5670291 1.6871553 1.4557587 1.8664885 2.3715708 2.3818823 1.7228246 3.3787579 
Telosubt                                                                                                                                             1.9887895 2.5935804 1.8792460 1.9607018 1.9642716 2.0135526 1.9834491 2.1273396 2.0318426 1.9059524 1.9223427 1.9906340 2.3352020 2.2046793 0.0000000 0.6680384 2.9403994 2.0976542 2.1995662 2.0847565 2.1864301 2.4042316 2.7527075 2.7207538 1.9295041 1.9440281 2.1915555 2.2044205 2.2819921 2.5722679 1.8838158 1.9388492 2.7176776 2.7564328 2.8887037 2.6253814 3.3931393 3.4821362 4.3308676 2.5679542 2.5896134 2.5876478 2.3026921 2.4942151 2.1524358 4.1466855 2.3713626 2.7485461 2.7979365 3.6293001 3.9467947 2.2574957 2.0445647 2.3491091 2.4343983 2.7855062 2.7029694 2.1527674 2.2500328 2.2660279 2.2070029 1.9407429 2.1315001 2.5117475 2.0126500 2.5843032 2.5758329 2.5110055 3.0711123 3.0433826 3.3067103 2.3567417 2.2259831 2.2079755 2.1947193 2.7692080 2.6874575 1.8485374 1.9210087 2.1570373 2.0013214 2.2021239 2.1022483 2.0273029 2.1680568 2.4431842 2.2163997 2.1576550 2.6637712 1.7816850 1.8288457 1.8967148 1.8376380 1.8924298 1.8947515 1.8250597 1.9404168 2.1915281 2.1408286 2.0311456 2.3127773 2.3354322 2.3383062 2.2782133 2.3430291 2.1224814 2.1016349 2.1735066 2.1424993 2.1987466 2.1182870 2.0306611 2.1943209 2.1342031 2.1583057 2.5153394 2.4856792 2.4281487 2.3228706 2.4069407 2.4286267 2.1512637 2.0788262 2.5685141 2.0186871 2.5447936 2.5199202 2.1892912 2.4308061 2.1061998 4.1153521 3.0292537 2.7479478 2.6420793 2.4296523 2.4840482 2.4080753 2.4678968 1.9810792 2.5679134 2.3073793 1.1624082 2.1523534 2.3158882 2.0265417 2.1523816 2.3393809 2.2863507 2.3205824 2.4645439 2.6270200 3.1868178 2.6146292 2.2566590 2.1218015 2.5197904 2.5455150 4.2577927 2.7230704 2.9919130 2.7116199 1.7354293 2.3312871 2.0739082 1.9457749 2.3992053 2.1642750 2.4185255 2.1294399 2.0031297 2.6265820 2.3066040 2.1882871 2.7948576 1.9094882 2.1610884 2.3785954 2.1454328 2.1497545 2.1437804 2.1154916 2.3551852 2.5442413 2.2964134 2.2137201 2.2133709 2.2319604 2.2490394 2.4278488 4.1797458 2.5601725 2.1686128 1.3655861 2.7722884 2.6986458 2.3588839 3.1865162 
TeloneP1                                                                                                                                             1.8228681 2.2308305 1.4929573 1.6943951 1.5034494 2.1521714 1.4567887 1.6822683 1.1658811 1.4587530 1.4728486 1.5880840 1.6216336 1.6805738 0.6680384 0.0000000 2.2972372 1.5585318 1.6614450 1.6752838 1.5632353 1.8331320 2.0621205 2.0074124 1.4675438 1.4644942 1.7021115 1.3992474 1.5065068 1.7763375 1.3950145 2.0220793 2.0813257 2.0958669 2.2063821 2.9097647 3.2053575 2.6278059 3.7498064 1.8660723 1.9949073 1.7140871 1.8250278 2.1691938 1.6947832 3.1601598 2.2318409 2.2424195 2.0210953 3.7884609 3.7140877 2.1184216 1.4317272 1.8712783 1.8939946 2.0436167 1.7916652 1.6609300 1.7992832 1.6929655 1.7966747 1.6485973 1.6819608 1.9029762 1.5315309 2.3374538 2.1156856 2.2062380 2.2727612 2.5518905 2.9649209 1.9210082 1.7031000 1.7661593 1.6084003 1.8158519 2.0032273 1.3731943 1.4460270 1.5848185 1.5209731 1.5843501 1.7488613 1.5674731 1.6978482 1.5927024 1.7560038 1.5880024 1.7716187 1.3340750 1.3722013 1.4229126 1.3676687 1.5877829 1.3887188 1.3354174 1.3610392 1.5419587 1.4102043 1.3444466 1.5604076 1.6505076 1.6032604 1.4133216 1.4746229 1.4452553 1.4816043 1.5667782 1.4757113 1.5204013 1.4392953 1.4798586 1.4874577 1.4836261 1.4541316 1.7900180 1.6664211 2.5079479 1.6495018 1.6490705 1.8051905 1.5713011 1.5174549 1.8532809 1.6627942 2.0360018 1.8040921 1.6407205 1.9777933 1.5521246 3.1570245 2.3620170 2.4332204 2.1748825 2.0578932 1.9326828 1.9062910 1.7869872 1.4898565 1.8179430 1.8645259 1.0475408 1.7799149 1.8055025 1.5790946 1.6770405 1.7752786 2.2658878 1.6736915 1.8677009 1.6506765 2.3716664 1.8303330 1.6872567 1.5915208 1.8927426 1.7908104 4.0889646 2.2425798 2.3112710 1.9527142 1.6234753 1.7111280 1.5972902 1.6057085 1.6085453 1.6266724 1.7202644 1.6092246 1.5012542 1.8886466 1.5459053 1.6502755 1.8680344 1.8651593 1.6818016 1.9127275 1.7342612 1.7659133 1.8236404 1.7135340 1.7779552 1.8845274 1.7604601 1.6637149 1.6224253 1.8278058 1.8375212 1.9370958 3.7383165 2.4330826 1.4444238 2.2946755 2.7815658 2.3781136 2.2636973 3.2064861 
Paulchro                                                                                                                                             2.6497004 3.0088097 2.2739819 1.8299744 2.4437394 2.6840488 2.4077523 2.4744523 1.7573700 2.3518096 2.2943944 2.5631486 2.6392330 2.6717125 2.9403994 2.2972372 0.0000000 1.9060944 2.0064972 2.4524953 1.9562890 2.2503253 2.4122193 2.5327442 1.9393883 1.8147888 2.2532612 2.5152621 2.4600136 2.5625413 1.8193657 2.5375200 2.8696022 2.8520050 2.9972923 3.2686842 4.3115546 3.3657694 4.5826156 2.8392543 2.6914595 2.4653860 2.5859102 2.5810430 2.3565341 4.0665679 1.9673771 2.5948736 2.8108617 4.3304271 4.7827773 3.0840228 2.5030164 2.3131734 2.6544019 2.7271089 2.9994390 2.1386066 2.5467162 2.5316747 2.5091158 2.3935428 2.7230436 2.7662638 2.2590860 3.1936022 3.2520034 3.0200554 3.4008495 3.3937510 3.6439298 2.7801130 2.7185593 2.5997705 2.5318694 2.7385998 2.6155396 2.1648499 2.2609995 2.5318095 2.4085986 2.3046952 2.4884013 2.4093646 2.5365969 2.7860565 2.4317296 2.6307571 2.4164259 1.9930260 2.2037561 2.1433194 2.1503951 2.2479084 2.0741110 2.4887283 2.3436144 2.1763584 2.3916355 2.2640737 2.3670395 2.5958401 2.5370008 2.3900464 2.5247327 2.3326165 2.3112791 2.3371669 2.4043321 2.3680712 2.3967132 1.9330788 2.2981249 2.3421216 2.3683309 2.3910691 2.4711025 2.7773553 2.6191002 2.4071948 2.5681974 2.3137788 2.1831564 2.8275091 2.3794326 2.6415600 2.5513035 1.9706331 2.1151334 1.7096406 4.1585432 3.1634699 2.9568475 2.7185134 2.6380917 2.6696452 2.8433208 2.6905022 2.7692163 2.4173610 2.3620691 1.4978387 2.7829076 2.5397387 1.8385865 2.6256226 2.7953611 2.9420403 2.5086782 2.3412933 2.6569173 3.5357566 2.7590592 2.5192927 2.5560728 2.6649856 2.7699359 4.2976396 3.2568912 3.3920592 2.8946034 2.2320775 2.5974270 2.4177838 2.4242607 2.6270714 2.4501548 2.5028050 2.2977927 2.4113482 2.8184542 2.4064466 2.6801339 2.8181284 2.1039120 2.6236409 2.5689365 2.6859750 2.5747299 2.5019853 2.8157771 2.7362248 2.8204035 2.4830020 2.3017855 2.2892903 2.5328171 2.1901919 2.3333453 4.7089050 2.9042860 2.1665615 2.7422646 3.6954261 3.3611624 2.6303037 4.1757702 
Aurisoli                                                                                                                                             1.6270855 2.0587605 1.5771589 1.2354772 1.5730275 2.0565615 1.6426153 1.7341661 0.9730036 1.6010325 1.5143376 1.7084646 1.7872661 1.5868958 2.0976542 1.5585318 1.9060944 0.0000000 1.1219369 1.5166089 1.0930463 1.3413068 1.6685021 1.9395623 0.9882495 1.2373958 1.6374773 1.7935289 1.5987249 1.7421871 1.0364836 1.6614044 2.2934089 2.2074783 2.3129508 2.2641886 3.1559647 2.8678470 3.7576566 2.2213157 2.1273909 1.9342746 2.0701866 1.7950349 1.6583644 4.0579413 1.9357654 2.1487317 2.2823993 3.1550935 4.0772064 2.2265155 1.8746064 1.8483019 2.0428893 2.1290868 2.3418870 1.6139284 2.0479887 1.8545363 1.9948305 1.7830811 1.8161325 1.8641221 1.5927828 2.1785228 2.2646382 2.1523136 2.4846459 2.9032292 2.7744058 2.1701524 2.0656357 2.0186234 1.6735754 2.0839269 2.0059480 1.4716618 1.6375638 1.5511756 1.6428700 1.5994614 1.7906057 1.5977517 1.7154557 2.0277578 1.5910033 1.8680561 1.7018075 1.2116590 1.5871907 1.4233796 1.4558757 1.5275752 1.4319501 1.5991165 1.4361796 1.7617104 1.6837193 1.5532446 1.5289171 1.6437760 1.6636771 1.6669969 1.8649774 1.4875936 1.4881524 1.5082197 1.6140545 1.5620026 1.6221800 1.2136327 1.7158998 1.7001147 1.4487063 1.7275334 1.7325030 2.0570063 1.6975626 1.6820970 1.9021563 1.5798095 1.4818503 2.0670422 1.7839170 1.6777575 1.8137316 1.0595889 1.3425984 0.8624611 3.4430438 2.7124543 2.4312188 2.1632050 1.9864434 2.1842169 2.0796680 1.8882682 1.8416480 1.6948059 1.7245588 0.9219090 1.9877419 1.8424912 1.3764987 1.8459537 2.0222181 2.1055228 1.6681080 1.7102688 1.9166542 2.7097994 2.0284279 1.5983019 1.6796858 2.0702522 2.1288650 3.7470122 2.4799829 2.6832456 2.2671537 1.3284571 1.8687873 1.7079369 1.6663380 1.7185087 1.9094291 1.7165547 1.6582576 1.5808381 2.0676080 1.6575045 1.7384717 2.2133665 1.3068648 1.9485743 2.0448944 1.7832033 1.9109179 1.7700172 1.8659163 1.9654246 2.0579184 1.9850463 1.8207897 1.7340752 1.9743950 1.8978758 1.9784231 4.1035616 2.1103204 1.3371427 1.9974969 2.3590858 2.2813042 2.1734782 3.1742304 
